1 -1 #SUP: 10000
1 -1 1 -1 #SUP: 10000
1 -1 1 -1 1 -1 #SUP: 10000
1 -1 1 -1 1 -1 1 -1 #SUP: 10000
1 -1 1 -1 1 -1 1 -1 1 -1 #SUP: 10000
1 -1 1 -1 1 -1 1 -1 1 -1 1 -1 #SUP: 10000
1 -1 1 -1 1 -1 1 -1 1 -1 1 -1 1 -1 #SUP: 9999
1 -1 1 -1 1 -1 1 -1 1 -1 1 -1 1 -1 1 -1 #SUP: 9999
1 -1 1 -1 1 -1 1 -1 1 -1 1 -1 1 -1 1 -1 1 -1 #SUP: 9998
1 -1 1 -1 1 -1 1 -1 1 -1 1 -1 1 -1 1 -1 1 -1 1 -1 #SUP: 9986
1 -1 1 -1 1 -1 1 -1 1 -1 1 -1 1 -1 1 -1 1 -1 1 -1 1 -1 #SUP: 9943
1 -1 1 -1 1 -1 1 -1 1 -1 1 -1 1 -1 1 -1 1 -1 1 -1 1 -1 1 -1 #SUP: 9834
1 -1 1 -1 1 -1 1 -1 1 -1 1 -1 1 -1 1 -1 1 -1 1 -1 1 -1 1 -1 1 -1 #SUP: 9565
1 -1 1 -1 1 -1 1 -1 1 -1 1 -1 1 -1 1 -1 1 -1 1 -1 1 -1 1 -1 1 -1 1 -1 #SUP: 9059
1 -1 1 -1 1 -1 1 -1 1 -1 1 -1 1 -1 1 -1 1 -1 1 -1 1 -1 1 -1 1 -1 1 -1 1 -1 #SUP: 8225
1 -1 1 -1 1 -1 1 -1 1 -1 1 -1 1 -1 1 -1 1 -1 1 -1 1 -1 1 -1 1 -1 1 -1 1 -1 1 -1 #SUP: 7093
1 -1 1 -1 1 -1 1 -1 1 -1 1 -1 1 -1 1 -1 1 -1 1 -1 1 -1 1 -1 1 -1 1 -1 1 -1 1 -1 1 -1 #SUP: 5634
1 -1 1 -1 1 -1 1 -1 1 -1 1 -1 1 -1 1 -1 1 -1 1 -1 1 -1 1 -1 1 -1 1 -1 1 -1 1 -1 1 -1 1 -1 #SUP: 4187
1 -1 1 -1 1 -1 1 -1 1 -1 1 -1 1 -1 1 -1 1 -1 1 -1 1 -1 1 -1 1 -1 1 -1 1 -1 1 -1 1 -1 1 -1 1 -1 #SUP: 2775
1 -1 1 -1 1 -1 1 -1 1 -1 1 -1 1 -1 1 -1 1 -1 1 -1 1 -1 1 -1 1 -1 1 -1 1 -1 1 -1 1 -1 1 -1 1 -1 1 -1 #SUP: 1630
1 -1 1 -1 1 -1 1 -1 1 -1 1 -1 1 -1 1 -1 1 -1 1 -1 1 -1 1 -1 1 -1 1 -1 1 -1 1 -1 1 -1 1 -1 1 -1 1 -1 1 -1 #SUP: 903
1 -1 1 -1 1 -1 1 -1 1 -1 1 -1 1 -1 1 -1 1 -1 1 -1 1 -1 1 -1 1 -1 1 -1 43 -1 #SUP: 912
1 -1 1 -1 1 -1 1 -1 1 -1 1 -1 1 -1 1 -1 1 -1 1 -1 1 -1 1 -1 1 -1 14 -1 #SUP: 962
1 -1 1 -1 1 -1 1 -1 1 -1 1 -1 1 -1 1 -1 1 -1 1 -1 1 -1 1 -1 1 -1 43 -1 #SUP: 1069
1 -1 1 -1 1 -1 1 -1 1 -1 1 -1 1 -1 1 -1 1 -1 1 -1 1 -1 1 -1 14 -1 #SUP: 1123
1 -1 1 -1 1 -1 1 -1 1 -1 1 -1 1 -1 1 -1 1 -1 1 -1 1 -1 1 -1 24 -1 #SUP: 992
1 -1 1 -1 1 -1 1 -1 1 -1 1 -1 1 -1 1 -1 1 -1 1 -1 1 -1 1 -1 30 -1 #SUP: 939
1 -1 1 -1 1 -1 1 -1 1 -1 1 -1 1 -1 1 -1 1 -1 1 -1 1 -1 1 -1 43 -1 #SUP: 1249
1 -1 1 -1 1 -1 1 -1 1 -1 1 -1 1 -1 1 -1 1 -1 1 -1 1 -1 8 -1 #SUP: 943
1 -1 1 -1 1 -1 1 -1 1 -1 1 -1 1 -1 1 -1 1 -1 1 -1 1 -1 14 -1 #SUP: 1261
1 -1 1 -1 1 -1 1 -1 1 -1 1 -1 1 -1 1 -1 1 -1 1 -1 1 -1 16 -1 #SUP: 990
1 -1 1 -1 1 -1 1 -1 1 -1 1 -1 1 -1 1 -1 1 -1 1 -1 1 -1 24 -1 #SUP: 1112
1 -1 1 -1 1 -1 1 -1 1 -1 1 -1 1 -1 1 -1 1 -1 1 -1 1 -1 27 -1 #SUP: 1049
1 -1 1 -1 1 -1 1 -1 1 -1 1 -1 1 -1 1 -1 1 -1 1 -1 1 -1 30 -1 #SUP: 1042
1 -1 1 -1 1 -1 1 -1 1 -1 1 -1 1 -1 1 -1 1 -1 1 -1 1 -1 39 -1 #SUP: 933
1 -1 1 -1 1 -1 1 -1 1 -1 1 -1 1 -1 1 -1 1 -1 1 -1 1 -1 43 -1 #SUP: 1390
1 -1 1 -1 1 -1 1 -1 1 -1 1 -1 1 -1 1 -1 1 -1 1 -1 8 -1 #SUP: 1093
1 -1 1 -1 1 -1 1 -1 1 -1 1 -1 1 -1 1 -1 1 -1 1 -1 8 -1 1 -1 #SUP: 914
1 -1 1 -1 1 -1 1 -1 1 -1 1 -1 1 -1 1 -1 1 -1 1 -1 14 -1 #SUP: 1390
1 -1 1 -1 1 -1 1 -1 1 -1 1 -1 1 -1 1 -1 1 -1 1 -1 14 -1 1 -1 #SUP: 967
1 -1 1 -1 1 -1 1 -1 1 -1 1 -1 1 -1 1 -1 1 -1 1 -1 16 -1 #SUP: 1080
1 -1 1 -1 1 -1 1 -1 1 -1 1 -1 1 -1 1 -1 1 -1 1 -1 19 -1 #SUP: 944
1 -1 1 -1 1 -1 1 -1 1 -1 1 -1 1 -1 1 -1 1 -1 1 -1 24 -1 #SUP: 1249
1 -1 1 -1 1 -1 1 -1 1 -1 1 -1 1 -1 1 -1 1 -1 1 -1 27 -1 #SUP: 1203
1 -1 1 -1 1 -1 1 -1 1 -1 1 -1 1 -1 1 -1 1 -1 1 -1 27 -1 1 -1 #SUP: 949
1 -1 1 -1 1 -1 1 -1 1 -1 1 -1 1 -1 1 -1 1 -1 1 -1 30 -1 #SUP: 1143
1 -1 1 -1 1 -1 1 -1 1 -1 1 -1 1 -1 1 -1 1 -1 1 -1 35 -1 #SUP: 1019
1 -1 1 -1 1 -1 1 -1 1 -1 1 -1 1 -1 1 -1 1 -1 1 -1 39 -1 #SUP: 1086
1 -1 1 -1 1 -1 1 -1 1 -1 1 -1 1 -1 1 -1 1 -1 1 -1 42 -1 #SUP: 906
1 -1 1 -1 1 -1 1 -1 1 -1 1 -1 1 -1 1 -1 1 -1 1 -1 43 -1 #SUP: 1528
1 -1 1 -1 1 -1 1 -1 1 -1 1 -1 1 -1 1 -1 1 -1 1 -1 43 -1 1 -1 #SUP: 919
1 -1 1 -1 1 -1 1 -1 1 -1 1 -1 1 -1 1 -1 1 -1 1 -1 44 -1 #SUP: 938
1 -1 1 -1 1 -1 1 -1 1 -1 1 -1 1 -1 1 -1 1 -1 3 -1 #SUP: 978
1 -1 1 -1 1 -1 1 -1 1 -1 1 -1 1 -1 1 -1 1 -1 8 -1 #SUP: 1249
1 -1 1 -1 1 -1 1 -1 1 -1 1 -1 1 -1 1 -1 1 -1 8 -1 1 -1 #SUP: 1080
1 -1 1 -1 1 -1 1 -1 1 -1 1 -1 1 -1 1 -1 1 -1 8 -1 1 -1 1 -1 #SUP: 1006
1 -1 1 -1 1 -1 1 -1 1 -1 1 -1 1 -1 1 -1 1 -1 8 -1 1 -1 1 -1 1 -1 #SUP: 909
1 -1 1 -1 1 -1 1 -1 1 -1 1 -1 1 -1 1 -1 1 -1 14 -1 #SUP: 1509
1 -1 1 -1 1 -1 1 -1 1 -1 1 -1 1 -1 1 -1 1 -1 14 -1 1 -1 #SUP: 1092
1 -1 1 -1 1 -1 1 -1 1 -1 1 -1 1 -1 1 -1 1 -1 14 -1 1 -1 1 -1 #SUP: 933
1 -1 1 -1 1 -1 1 -1 1 -1 1 -1 1 -1 1 -1 1 -1 16 -1 #SUP: 1183
1 -1 1 -1 1 -1 1 -1 1 -1 1 -1 1 -1 1 -1 1 -1 19 -1 #SUP: 1066
1 -1 1 -1 1 -1 1 -1 1 -1 1 -1 1 -1 1 -1 1 -1 20 -1 #SUP: 929
1 -1 1 -1 1 -1 1 -1 1 -1 1 -1 1 -1 1 -1 1 -1 24 -1 #SUP: 1357
1 -1 1 -1 1 -1 1 -1 1 -1 1 -1 1 -1 1 -1 1 -1 24 -1 1 -1 #SUP: 937
1 -1 1 -1 1 -1 1 -1 1 -1 1 -1 1 -1 1 -1 1 -1 25 -1 #SUP: 967
1 -1 1 -1 1 -1 1 -1 1 -1 1 -1 1 -1 1 -1 1 -1 27 -1 #SUP: 1382
1 -1 1 -1 1 -1 1 -1 1 -1 1 -1 1 -1 1 -1 1 -1 27 -1 1 -1 #SUP: 1128
1 -1 1 -1 1 -1 1 -1 1 -1 1 -1 1 -1 1 -1 1 -1 27 -1 1 -1 1 -1 #SUP: 1029
1 -1 1 -1 1 -1 1 -1 1 -1 1 -1 1 -1 1 -1 1 -1 27 -1 1 -1 1 -1 1 -1 #SUP: 912
1 -1 1 -1 1 -1 1 -1 1 -1 1 -1 1 -1 1 -1 1 -1 30 -1 #SUP: 1245
1 -1 1 -1 1 -1 1 -1 1 -1 1 -1 1 -1 1 -1 1 -1 30 -1 1 -1 #SUP: 904
1 -1 1 -1 1 -1 1 -1 1 -1 1 -1 1 -1 1 -1 1 -1 31 -1 #SUP: 901
1 -1 1 -1 1 -1 1 -1 1 -1 1 -1 1 -1 1 -1 1 -1 32 -1 #SUP: 912
1 -1 1 -1 1 -1 1 -1 1 -1 1 -1 1 -1 1 -1 1 -1 35 -1 #SUP: 1160
1 -1 1 -1 1 -1 1 -1 1 -1 1 -1 1 -1 1 -1 1 -1 35 -1 1 -1 #SUP: 973
1 -1 1 -1 1 -1 1 -1 1 -1 1 -1 1 -1 1 -1 1 -1 39 -1 #SUP: 1230
1 -1 1 -1 1 -1 1 -1 1 -1 1 -1 1 -1 1 -1 1 -1 39 -1 1 -1 #SUP: 968
1 -1 1 -1 1 -1 1 -1 1 -1 1 -1 1 -1 1 -1 1 -1 42 -1 #SUP: 1023
1 -1 1 -1 1 -1 1 -1 1 -1 1 -1 1 -1 1 -1 1 -1 43 -1 #SUP: 1648
1 -1 1 -1 1 -1 1 -1 1 -1 1 -1 1 -1 1 -1 1 -1 43 -1 1 -1 #SUP: 1047
1 -1 1 -1 1 -1 1 -1 1 -1 1 -1 1 -1 1 -1 1 -1 44 -1 #SUP: 1051
1 -1 1 -1 1 -1 1 -1 1 -1 1 -1 1 -1 1 -1 1 -1 48 -1 #SUP: 904
1 -1 1 -1 1 -1 1 -1 1 -1 1 -1 1 -1 1 -1 3 -1 #SUP: 1076
1 -1 1 -1 1 -1 1 -1 1 -1 1 -1 1 -1 1 -1 8 -1 #SUP: 1403
1 -1 1 -1 1 -1 1 -1 1 -1 1 -1 1 -1 1 -1 8 -1 1 -1 #SUP: 1239
1 -1 1 -1 1 -1 1 -1 1 -1 1 -1 1 -1 1 -1 8 -1 1 -1 1 -1 #SUP: 1172
1 -1 1 -1 1 -1 1 -1 1 -1 1 -1 1 -1 1 -1 8 -1 1 -1 1 -1 1 -1 #SUP: 1077
1 -1 1 -1 1 -1 1 -1 1 -1 1 -1 1 -1 1 -1 8 -1 1 -1 1 -1 1 -1 1 -1 #SUP: 960
1 -1 1 -1 1 -1 1 -1 1 -1 1 -1 1 -1 1 -1 10 -1 #SUP: 940
1 -1 1 -1 1 -1 1 -1 1 -1 1 -1 1 -1 1 -1 14 -1 #SUP: 1631
1 -1 1 -1 1 -1 1 -1 1 -1 1 -1 1 -1 1 -1 14 -1 1 -1 #SUP: 1221
1 -1 1 -1 1 -1 1 -1 1 -1 1 -1 1 -1 1 -1 14 -1 1 -1 1 -1 #SUP: 1066
1 -1 1 -1 1 -1 1 -1 1 -1 1 -1 1 -1 1 -1 14 -1 1 -1 1 -1 1 -1 #SUP: 921
1 -1 1 -1 1 -1 1 -1 1 -1 1 -1 1 -1 1 -1 16 -1 #SUP: 1264
1 -1 1 -1 1 -1 1 -1 1 -1 1 -1 1 -1 1 -1 19 -1 #SUP: 1189
1 -1 1 -1 1 -1 1 -1 1 -1 1 -1 1 -1 1 -1 19 -1 1 -1 #SUP: 973
1 -1 1 -1 1 -1 1 -1 1 -1 1 -1 1 -1 1 -1 19 -1 1 -1 1 -1 #SUP: 907
1 -1 1 -1 1 -1 1 -1 1 -1 1 -1 1 -1 1 -1 20 -1 #SUP: 1015
1 -1 1 -1 1 -1 1 -1 1 -1 1 -1 1 -1 1 -1 24 -1 #SUP: 1499
1 -1 1 -1 1 -1 1 -1 1 -1 1 -1 1 -1 1 -1 24 -1 1 -1 #SUP: 1079
1 -1 1 -1 1 -1 1 -1 1 -1 1 -1 1 -1 1 -1 24 -1 1 -1 1 -1 #SUP: 980
1 -1 1 -1 1 -1 1 -1 1 -1 1 -1 1 -1 1 -1 25 -1 #SUP: 1054
1 -1 1 -1 1 -1 1 -1 1 -1 1 -1 1 -1 1 -1 27 -1 #SUP: 1545
1 -1 1 -1 1 -1 1 -1 1 -1 1 -1 1 -1 1 -1 27 -1 1 -1 #SUP: 1290
1 -1 1 -1 1 -1 1 -1 1 -1 1 -1 1 -1 1 -1 27 -1 1 -1 1 -1 #SUP: 1191
1 -1 1 -1 1 -1 1 -1 1 -1 1 -1 1 -1 1 -1 27 -1 1 -1 1 -1 1 -1 #SUP: 1074
1 -1 1 -1 1 -1 1 -1 1 -1 1 -1 1 -1 1 -1 27 -1 1 -1 1 -1 1 -1 1 -1 #SUP: 908
1 -1 1 -1 1 -1 1 -1 1 -1 1 -1 1 -1 1 -1 29 -1 #SUP: 1029
1 -1 1 -1 1 -1 1 -1 1 -1 1 -1 1 -1 1 -1 29 -1 1 -1 #SUP: 952
1 -1 1 -1 1 -1 1 -1 1 -1 1 -1 1 -1 1 -1 30 -1 #SUP: 1348
1 -1 1 -1 1 -1 1 -1 1 -1 1 -1 1 -1 1 -1 30 -1 1 -1 #SUP: 1011
1 -1 1 -1 1 -1 1 -1 1 -1 1 -1 1 -1 1 -1 30 -1 1 -1 1 -1 #SUP: 913
1 -1 1 -1 1 -1 1 -1 1 -1 1 -1 1 -1 1 -1 31 -1 #SUP: 1009
1 -1 1 -1 1 -1 1 -1 1 -1 1 -1 1 -1 1 -1 32 -1 #SUP: 1023
1 -1 1 -1 1 -1 1 -1 1 -1 1 -1 1 -1 1 -1 35 -1 #SUP: 1310
1 -1 1 -1 1 -1 1 -1 1 -1 1 -1 1 -1 1 -1 35 -1 1 -1 #SUP: 1123
1 -1 1 -1 1 -1 1 -1 1 -1 1 -1 1 -1 1 -1 35 -1 1 -1 1 -1 #SUP: 1019
1 -1 1 -1 1 -1 1 -1 1 -1 1 -1 1 -1 1 -1 35 -1 1 -1 1 -1 1 -1 #SUP: 907
1 -1 1 -1 1 -1 1 -1 1 -1 1 -1 1 -1 1 -1 36 -1 #SUP: 916
1 -1 1 -1 1 -1 1 -1 1 -1 1 -1 1 -1 1 -1 39 -1 #SUP: 1358
1 -1 1 -1 1 -1 1 -1 1 -1 1 -1 1 -1 1 -1 39 -1 1 -1 #SUP: 1096
1 -1 1 -1 1 -1 1 -1 1 -1 1 -1 1 -1 1 -1 39 -1 1 -1 1 -1 #SUP: 979
1 -1 1 -1 1 -1 1 -1 1 -1 1 -1 1 -1 1 -1 42 -1 #SUP: 1137
1 -1 1 -1 1 -1 1 -1 1 -1 1 -1 1 -1 1 -1 42 -1 1 -1 #SUP: 931
1 -1 1 -1 1 -1 1 -1 1 -1 1 -1 1 -1 1 -1 43 -1 #SUP: 1761
1 -1 1 -1 1 -1 1 -1 1 -1 1 -1 1 -1 1 -1 43 -1 1 -1 #SUP: 1173
1 -1 1 -1 1 -1 1 -1 1 -1 1 -1 1 -1 1 -1 43 -1 1 -1 1 -1 #SUP: 985
1 -1 1 -1 1 -1 1 -1 1 -1 1 -1 1 -1 1 -1 44 -1 #SUP: 1155
1 -1 1 -1 1 -1 1 -1 1 -1 1 -1 1 -1 1 -1 44 -1 1 -1 #SUP: 997
1 -1 1 -1 1 -1 1 -1 1 -1 1 -1 1 -1 1 -1 44 -1 1 -1 1 -1 #SUP: 943
1 -1 1 -1 1 -1 1 -1 1 -1 1 -1 1 -1 1 -1 47 -1 #SUP: 1018
1 -1 1 -1 1 -1 1 -1 1 -1 1 -1 1 -1 1 -1 48 -1 #SUP: 997
1 -1 1 -1 1 -1 1 -1 1 -1 1 -1 1 -1 2 -1 #SUP: 902
1 -1 1 -1 1 -1 1 -1 1 -1 1 -1 1 -1 3 -1 #SUP: 1177
1 -1 1 -1 1 -1 1 -1 1 -1 1 -1 1 -1 3 -1 1 -1 #SUP: 945
1 -1 1 -1 1 -1 1 -1 1 -1 1 -1 1 -1 4 -1 #SUP: 982
1 -1 1 -1 1 -1 1 -1 1 -1 1 -1 1 -1 6 -1 #SUP: 973
1 -1 1 -1 1 -1 1 -1 1 -1 1 -1 1 -1 8 -1 #SUP: 1562
1 -1 1 -1 1 -1 1 -1 1 -1 1 -1 1 -1 8 -1 1 -1 #SUP: 1404
1 -1 1 -1 1 -1 1 -1 1 -1 1 -1 1 -1 8 -1 1 -1 1 -1 #SUP: 1339
1 -1 1 -1 1 -1 1 -1 1 -1 1 -1 1 -1 8 -1 1 -1 1 -1 1 -1 #SUP: 1250
1 -1 1 -1 1 -1 1 -1 1 -1 1 -1 1 -1 8 -1 1 -1 1 -1 1 -1 1 -1 #SUP: 1135
1 -1 1 -1 1 -1 1 -1 1 -1 1 -1 1 -1 8 -1 1 -1 1 -1 1 -1 1 -1 1 -1 #SUP: 986
1 -1 1 -1 1 -1 1 -1 1 -1 1 -1 1 -1 10 -1 #SUP: 1005
1 -1 1 -1 1 -1 1 -1 1 -1 1 -1 1 -1 12 -1 #SUP: 915
1 -1 1 -1 1 -1 1 -1 1 -1 1 -1 1 -1 14 -1 #SUP: 1740
1 -1 1 -1 1 -1 1 -1 1 -1 1 -1 1 -1 14 -1 1 -1 #SUP: 1333
1 -1 1 -1 1 -1 1 -1 1 -1 1 -1 1 -1 14 -1 1 -1 1 -1 #SUP: 1183
1 -1 1 -1 1 -1 1 -1 1 -1 1 -1 1 -1 14 -1 1 -1 1 -1 1 -1 #SUP: 1042
1 -1 1 -1 1 -1 1 -1 1 -1 1 -1 1 -1 14 -1 1 -1 1 -1 1 -1 1 -1 #SUP: 904
1 -1 1 -1 1 -1 1 -1 1 -1 1 -1 1 -1 16 -1 #SUP: 1336
1 -1 1 -1 1 -1 1 -1 1 -1 1 -1 1 -1 16 -1 1 -1 #SUP: 979
1 -1 1 -1 1 -1 1 -1 1 -1 1 -1 1 -1 16 -1 1 -1 1 -1 #SUP: 900
1 -1 1 -1 1 -1 1 -1 1 -1 1 -1 1 -1 19 -1 #SUP: 1321
1 -1 1 -1 1 -1 1 -1 1 -1 1 -1 1 -1 19 -1 1 -1 #SUP: 1106
1 -1 1 -1 1 -1 1 -1 1 -1 1 -1 1 -1 19 -1 1 -1 1 -1 #SUP: 1043
1 -1 1 -1 1 -1 1 -1 1 -1 1 -1 1 -1 19 -1 1 -1 1 -1 1 -1 #SUP: 975
1 -1 1 -1 1 -1 1 -1 1 -1 1 -1 1 -1 20 -1 #SUP: 1112
1 -1 1 -1 1 -1 1 -1 1 -1 1 -1 1 -1 20 -1 1 -1 #SUP: 951
1 -1 1 -1 1 -1 1 -1 1 -1 1 -1 1 -1 24 -1 #SUP: 1614
1 -1 1 -1 1 -1 1 -1 1 -1 1 -1 1 -1 24 -1 1 -1 #SUP: 1194
1 -1 1 -1 1 -1 1 -1 1 -1 1 -1 1 -1 24 -1 1 -1 1 -1 #SUP: 1095
1 -1 1 -1 1 -1 1 -1 1 -1 1 -1 1 -1 24 -1 1 -1 1 -1 1 -1 #SUP: 972
1 -1 1 -1 1 -1 1 -1 1 -1 1 -1 1 -1 25 -1 #SUP: 1135
1 -1 1 -1 1 -1 1 -1 1 -1 1 -1 1 -1 27 -1 #SUP: 1677
1 -1 1 -1 1 -1 1 -1 1 -1 1 -1 1 -1 27 -1 1 -1 #SUP: 1422
1 -1 1 -1 1 -1 1 -1 1 -1 1 -1 1 -1 27 -1 1 -1 1 -1 #SUP: 1323
1 -1 1 -1 1 -1 1 -1 1 -1 1 -1 1 -1 27 -1 1 -1 1 -1 1 -1 #SUP: 1206
1 -1 1 -1 1 -1 1 -1 1 -1 1 -1 1 -1 27 -1 1 -1 1 -1 1 -1 1 -1 #SUP: 1040
1 -1 1 -1 1 -1 1 -1 1 -1 1 -1 1 -1 29 -1 #SUP: 1161
1 -1 1 -1 1 -1 1 -1 1 -1 1 -1 1 -1 29 -1 1 -1 #SUP: 1084
1 -1 1 -1 1 -1 1 -1 1 -1 1 -1 1 -1 29 -1 1 -1 1 -1 #SUP: 1029
1 -1 1 -1 1 -1 1 -1 1 -1 1 -1 1 -1 29 -1 1 -1 1 -1 1 -1 #SUP: 941
1 -1 1 -1 1 -1 1 -1 1 -1 1 -1 1 -1 30 -1 #SUP: 1430
1 -1 1 -1 1 -1 1 -1 1 -1 1 -1 1 -1 30 -1 1 -1 #SUP: 1095
1 -1 1 -1 1 -1 1 -1 1 -1 1 -1 1 -1 30 -1 1 -1 1 -1 #SUP: 998
1 -1 1 -1 1 -1 1 -1 1 -1 1 -1 1 -1 31 -1 #SUP: 1107
1 -1 1 -1 1 -1 1 -1 1 -1 1 -1 1 -1 31 -1 1 -1 #SUP: 965
1 -1 1 -1 1 -1 1 -1 1 -1 1 -1 1 -1 31 -1 1 -1 1 -1 #SUP: 907
1 -1 1 -1 1 -1 1 -1 1 -1 1 -1 1 -1 32 -1 #SUP: 1119
1 -1 1 -1 1 -1 1 -1 1 -1 1 -1 1 -1 32 -1 1 -1 #SUP: 925
1 -1 1 -1 1 -1 1 -1 1 -1 1 -1 1 -1 35 -1 #SUP: 1431
1 -1 1 -1 1 -1 1 -1 1 -1 1 -1 1 -1 35 -1 1 -1 #SUP: 1244
1 -1 1 -1 1 -1 1 -1 1 -1 1 -1 1 -1 35 -1 1 -1 1 -1 #SUP: 1140
1 -1 1 -1 1 -1 1 -1 1 -1 1 -1 1 -1 35 -1 1 -1 1 -1 1 -1 #SUP: 1028
1 -1 1 -1 1 -1 1 -1 1 -1 1 -1 1 -1 36 -1 #SUP: 1063
1 -1 1 -1 1 -1 1 -1 1 -1 1 -1 1 -1 36 -1 1 -1 #SUP: 967
1 -1 1 -1 1 -1 1 -1 1 -1 1 -1 1 -1 36 -1 1 -1 1 -1 #SUP: 920
1 -1 1 -1 1 -1 1 -1 1 -1 1 -1 1 -1 39 -1 #SUP: 1481
1 -1 1 -1 1 -1 1 -1 1 -1 1 -1 1 -1 39 -1 1 -1 #SUP: 1219
1 -1 1 -1 1 -1 1 -1 1 -1 1 -1 1 -1 39 -1 1 -1 1 -1 #SUP: 1102
1 -1 1 -1 1 -1 1 -1 1 -1 1 -1 1 -1 39 -1 1 -1 1 -1 1 -1 #SUP: 989
1 -1 1 -1 1 -1 1 -1 1 -1 1 -1 1 -1 40 -1 #SUP: 994
1 -1 1 -1 1 -1 1 -1 1 -1 1 -1 1 -1 42 -1 #SUP: 1258
1 -1 1 -1 1 -1 1 -1 1 -1 1 -1 1 -1 42 -1 1 -1 #SUP: 1052
1 -1 1 -1 1 -1 1 -1 1 -1 1 -1 1 -1 42 -1 1 -1 1 -1 #SUP: 952
1 -1 1 -1 1 -1 1 -1 1 -1 1 -1 1 -1 43 -1 #SUP: 1873
1 -1 1 -1 1 -1 1 -1 1 -1 1 -1 1 -1 43 -1 1 -1 #SUP: 1294
1 -1 1 -1 1 -1 1 -1 1 -1 1 -1 1 -1 43 -1 1 -1 1 -1 #SUP: 1108
1 -1 1 -1 1 -1 1 -1 1 -1 1 -1 1 -1 43 -1 1 -1 1 -1 1 -1 #SUP: 946
1 -1 1 -1 1 -1 1 -1 1 -1 1 -1 1 -1 44 -1 #SUP: 1262
1 -1 1 -1 1 -1 1 -1 1 -1 1 -1 1 -1 44 -1 1 -1 #SUP: 1109
1 -1 1 -1 1 -1 1 -1 1 -1 1 -1 1 -1 44 -1 1 -1 1 -1 #SUP: 1057
1 -1 1 -1 1 -1 1 -1 1 -1 1 -1 1 -1 44 -1 1 -1 1 -1 1 -1 #SUP: 969
1 -1 1 -1 1 -1 1 -1 1 -1 1 -1 1 -1 47 -1 #SUP: 1151
1 -1 1 -1 1 -1 1 -1 1 -1 1 -1 1 -1 47 -1 1 -1 #SUP: 967
1 -1 1 -1 1 -1 1 -1 1 -1 1 -1 1 -1 47 -1 1 -1 1 -1 #SUP: 906
1 -1 1 -1 1 -1 1 -1 1 -1 1 -1 1 -1 48 -1 #SUP: 1058
1 -1 1 -1 1 -1 1 -1 1 -1 1 -1 1 -1 49 -1 #SUP: 932
1 -1 1 -1 1 -1 1 -1 1 -1 1 -1 2 -1 #SUP: 999
1 -1 1 -1 1 -1 1 -1 1 -1 1 -1 3 -1 #SUP: 1265
1 -1 1 -1 1 -1 1 -1 1 -1 1 -1 3 -1 1 -1 #SUP: 1034
1 -1 1 -1 1 -1 1 -1 1 -1 1 -1 3 -1 1 -1 1 -1 #SUP: 957
1 -1 1 -1 1 -1 1 -1 1 -1 1 -1 4 -1 #SUP: 1119
1 -1 1 -1 1 -1 1 -1 1 -1 1 -1 4 -1 1 -1 #SUP: 1010
1 -1 1 -1 1 -1 1 -1 1 -1 1 -1 4 -1 1 -1 1 -1 #SUP: 960
1 -1 1 -1 1 -1 1 -1 1 -1 1 -1 4 -1 1 -1 1 -1 1 -1 #SUP: 905
1 -1 1 -1 1 -1 1 -1 1 -1 1 -1 6 -1 #SUP: 1074
1 -1 1 -1 1 -1 1 -1 1 -1 1 -1 6 -1 1 -1 #SUP: 923
1 -1 1 -1 1 -1 1 -1 1 -1 1 -1 7 -1 #SUP: 943
1 -1 1 -1 1 -1 1 -1 1 -1 1 -1 8 -1 #SUP: 1723
1 -1 1 -1 1 -1 1 -1 1 -1 1 -1 8 -1 1 -1 #SUP: 1567
1 -1 1 -1 1 -1 1 -1 1 -1 1 -1 8 -1 1 -1 1 -1 #SUP: 1506
1 -1 1 -1 1 -1 1 -1 1 -1 1 -1 8 -1 1 -1 1 -1 1 -1 #SUP: 1421
1 -1 1 -1 1 -1 1 -1 1 -1 1 -1 8 -1 1 -1 1 -1 1 -1 1 -1 #SUP: 1311
1 -1 1 -1 1 -1 1 -1 1 -1 1 -1 8 -1 1 -1 1 -1 1 -1 1 -1 1 -1 #SUP: 1170
1 -1 1 -1 1 -1 1 -1 1 -1 1 -1 8 -1 1 -1 1 -1 1 -1 1 -1 1 -1 1 -1 #SUP: 1013
1 -1 1 -1 1 -1 1 -1 1 -1 1 -1 10 -1 #SUP: 1063
1 -1 1 -1 1 -1 1 -1 1 -1 1 -1 11 -1 #SUP: 912
1 -1 1 -1 1 -1 1 -1 1 -1 1 -1 12 -1 #SUP: 949
1 -1 1 -1 1 -1 1 -1 1 -1 1 -1 13 -1 #SUP: 990
1 -1 1 -1 1 -1 1 -1 1 -1 1 -1 13 -1 1 -1 #SUP: 922
1 -1 1 -1 1 -1 1 -1 1 -1 1 -1 14 -1 #SUP: 1832
1 -1 1 -1 1 -1 1 -1 1 -1 1 -1 14 -1 1 -1 #SUP: 1429
1 -1 1 -1 1 -1 1 -1 1 -1 1 -1 14 -1 1 -1 1 -1 #SUP: 1280
1 -1 1 -1 1 -1 1 -1 1 -1 1 -1 14 -1 1 -1 1 -1 1 -1 #SUP: 1140
1 -1 1 -1 1 -1 1 -1 1 -1 1 -1 14 -1 1 -1 1 -1 1 -1 1 -1 #SUP: 1003
1 -1 1 -1 1 -1 1 -1 1 -1 1 -1 15 -1 #SUP: 953
1 -1 1 -1 1 -1 1 -1 1 -1 1 -1 16 -1 #SUP: 1431
1 -1 1 -1 1 -1 1 -1 1 -1 1 -1 16 -1 1 -1 #SUP: 1084
1 -1 1 -1 1 -1 1 -1 1 -1 1 -1 16 -1 1 -1 1 -1 #SUP: 1007
1 -1 1 -1 1 -1 1 -1 1 -1 1 -1 16 -1 1 -1 1 -1 1 -1 #SUP: 919
1 -1 1 -1 1 -1 1 -1 1 -1 1 -1 19 -1 #SUP: 1423
1 -1 1 -1 1 -1 1 -1 1 -1 1 -1 19 -1 1 -1 #SUP: 1208
1 -1 1 -1 1 -1 1 -1 1 -1 1 -1 19 -1 1 -1 1 -1 #SUP: 1146
1 -1 1 -1 1 -1 1 -1 1 -1 1 -1 19 -1 1 -1 1 -1 1 -1 #SUP: 1078
1 -1 1 -1 1 -1 1 -1 1 -1 1 -1 19 -1 1 -1 1 -1 1 -1 1 -1 #SUP: 998
1 -1 1 -1 1 -1 1 -1 1 -1 1 -1 19 -1 1 -1 1 -1 1 -1 1 -1 1 -1 #SUP: 903
1 -1 1 -1 1 -1 1 -1 1 -1 1 -1 20 -1 #SUP: 1184
1 -1 1 -1 1 -1 1 -1 1 -1 1 -1 20 -1 1 -1 #SUP: 1023
1 -1 1 -1 1 -1 1 -1 1 -1 1 -1 20 -1 1 -1 1 -1 #SUP: 957
1 -1 1 -1 1 -1 1 -1 1 -1 1 -1 23 -1 #SUP: 929
1 -1 1 -1 1 -1 1 -1 1 -1 1 -1 24 -1 #SUP: 1736
1 -1 1 -1 1 -1 1 -1 1 -1 1 -1 24 -1 1 -1 #SUP: 1316
1 -1 1 -1 1 -1 1 -1 1 -1 1 -1 24 -1 1 -1 1 -1 #SUP: 1217
1 -1 1 -1 1 -1 1 -1 1 -1 1 -1 24 -1 1 -1 1 -1 1 -1 #SUP: 1094
1 -1 1 -1 1 -1 1 -1 1 -1 1 -1 24 -1 1 -1 1 -1 1 -1 1 -1 #SUP: 967
1 -1 1 -1 1 -1 1 -1 1 -1 1 -1 25 -1 #SUP: 1205
1 -1 1 -1 1 -1 1 -1 1 -1 1 -1 26 -1 #SUP: 990
1 -1 1 -1 1 -1 1 -1 1 -1 1 -1 27 -1 #SUP: 1796
1 -1 1 -1 1 -1 1 -1 1 -1 1 -1 27 -1 1 -1 #SUP: 1541
1 -1 1 -1 1 -1 1 -1 1 -1 1 -1 27 -1 1 -1 1 -1 #SUP: 1442
1 -1 1 -1 1 -1 1 -1 1 -1 1 -1 27 -1 1 -1 1 -1 1 -1 #SUP: 1325
1 -1 1 -1 1 -1 1 -1 1 -1 1 -1 27 -1 1 -1 1 -1 1 -1 1 -1 #SUP: 1158
1 -1 1 -1 1 -1 1 -1 1 -1 1 -1 27 -1 1 -1 1 -1 1 -1 1 -1 1 -1 #SUP: 1014
1 -1 1 -1 1 -1 1 -1 1 -1 1 -1 29 -1 #SUP: 1275
1 -1 1 -1 1 -1 1 -1 1 -1 1 -1 29 -1 1 -1 #SUP: 1198
1 -1 1 -1 1 -1 1 -1 1 -1 1 -1 29 -1 1 -1 1 -1 #SUP: 1143
1 -1 1 -1 1 -1 1 -1 1 -1 1 -1 29 -1 1 -1 1 -1 1 -1 #SUP: 1055
1 -1 1 -1 1 -1 1 -1 1 -1 1 -1 29 -1 1 -1 1 -1 1 -1 1 -1 #SUP: 958
1 -1 1 -1 1 -1 1 -1 1 -1 1 -1 30 -1 #SUP: 1504
1 -1 1 -1 1 -1 1 -1 1 -1 1 -1 30 -1 1 -1 #SUP: 1172
1 -1 1 -1 1 -1 1 -1 1 -1 1 -1 30 -1 1 -1 1 -1 #SUP: 1077
1 -1 1 -1 1 -1 1 -1 1 -1 1 -1 30 -1 1 -1 1 -1 1 -1 #SUP: 969
1 -1 1 -1 1 -1 1 -1 1 -1 1 -1 31 -1 #SUP: 1205
1 -1 1 -1 1 -1 1 -1 1 -1 1 -1 31 -1 1 -1 #SUP: 1063
1 -1 1 -1 1 -1 1 -1 1 -1 1 -1 31 -1 1 -1 1 -1 #SUP: 1005
1 -1 1 -1 1 -1 1 -1 1 -1 1 -1 31 -1 1 -1 1 -1 1 -1 #SUP: 931
1 -1 1 -1 1 -1 1 -1 1 -1 1 -1 32 -1 #SUP: 1214
1 -1 1 -1 1 -1 1 -1 1 -1 1 -1 32 -1 1 -1 #SUP: 1020
1 -1 1 -1 1 -1 1 -1 1 -1 1 -1 32 -1 1 -1 1 -1 #SUP: 974
1 -1 1 -1 1 -1 1 -1 1 -1 1 -1 35 -1 #SUP: 1547
1 -1 1 -1 1 -1 1 -1 1 -1 1 -1 35 -1 1 -1 #SUP: 1360
1 -1 1 -1 1 -1 1 -1 1 -1 1 -1 35 -1 1 -1 1 -1 #SUP: 1256
1 -1 1 -1 1 -1 1 -1 1 -1 1 -1 35 -1 1 -1 1 -1 1 -1 #SUP: 1143
1 -1 1 -1 1 -1 1 -1 1 -1 1 -1 35 -1 1 -1 1 -1 1 -1 1 -1 #SUP: 1014
1 -1 1 -1 1 -1 1 -1 1 -1 1 -1 36 -1 #SUP: 1210
1 -1 1 -1 1 -1 1 -1 1 -1 1 -1 36 -1 1 -1 #SUP: 1114
1 -1 1 -1 1 -1 1 -1 1 -1 1 -1 36 -1 1 -1 1 -1 #SUP: 1067
1 -1 1 -1 1 -1 1 -1 1 -1 1 -1 36 -1 1 -1 1 -1 1 -1 #SUP: 1012
1 -1 1 -1 1 -1 1 -1 1 -1 1 -1 36 -1 1 -1 1 -1 1 -1 1 -1 #SUP: 937
1 -1 1 -1 1 -1 1 -1 1 -1 1 -1 39 -1 #SUP: 1600
1 -1 1 -1 1 -1 1 -1 1 -1 1 -1 39 -1 1 -1 #SUP: 1338
1 -1 1 -1 1 -1 1 -1 1 -1 1 -1 39 -1 1 -1 1 -1 #SUP: 1221
1 -1 1 -1 1 -1 1 -1 1 -1 1 -1 39 -1 1 -1 1 -1 1 -1 #SUP: 1108
1 -1 1 -1 1 -1 1 -1 1 -1 1 -1 39 -1 1 -1 1 -1 1 -1 1 -1 #SUP: 958
1 -1 1 -1 1 -1 1 -1 1 -1 1 -1 40 -1 #SUP: 1121
1 -1 1 -1 1 -1 1 -1 1 -1 1 -1 40 -1 1 -1 #SUP: 927
1 -1 1 -1 1 -1 1 -1 1 -1 1 -1 41 -1 #SUP: 937
1 -1 1 -1 1 -1 1 -1 1 -1 1 -1 42 -1 #SUP: 1371
1 -1 1 -1 1 -1 1 -1 1 -1 1 -1 42 -1 1 -1 #SUP: 1165
1 -1 1 -1 1 -1 1 -1 1 -1 1 -1 42 -1 1 -1 1 -1 #SUP: 1065
1 -1 1 -1 1 -1 1 -1 1 -1 1 -1 42 -1 1 -1 1 -1 1 -1 #SUP: 950
1 -1 1 -1 1 -1 1 -1 1 -1 1 -1 43 -1 #SUP: 1950
1 -1 1 -1 1 -1 1 -1 1 -1 1 -1 43 -1 1 -1 #SUP: 1389
1 -1 1 -1 1 -1 1 -1 1 -1 1 -1 43 -1 1 -1 1 -1 #SUP: 1205
1 -1 1 -1 1 -1 1 -1 1 -1 1 -1 43 -1 1 -1 1 -1 1 -1 #SUP: 1045
1 -1 1 -1 1 -1 1 -1 1 -1 1 -1 44 -1 #SUP: 1375
1 -1 1 -1 1 -1 1 -1 1 -1 1 -1 44 -1 1 -1 #SUP: 1224
1 -1 1 -1 1 -1 1 -1 1 -1 1 -1 44 -1 1 -1 1 -1 #SUP: 1173
1 -1 1 -1 1 -1 1 -1 1 -1 1 -1 44 -1 1 -1 1 -1 1 -1 #SUP: 1085
1 -1 1 -1 1 -1 1 -1 1 -1 1 -1 44 -1 1 -1 1 -1 1 -1 1 -1 #SUP: 989
1 -1 1 -1 1 -1 1 -1 1 -1 1 -1 47 -1 #SUP: 1304
1 -1 1 -1 1 -1 1 -1 1 -1 1 -1 47 -1 1 -1 #SUP: 1120
1 -1 1 -1 1 -1 1 -1 1 -1 1 -1 47 -1 1 -1 1 -1 #SUP: 1059
1 -1 1 -1 1 -1 1 -1 1 -1 1 -1 47 -1 1 -1 1 -1 1 -1 #SUP: 1011
1 -1 1 -1 1 -1 1 -1 1 -1 1 -1 47 -1 1 -1 1 -1 1 -1 1 -1 #SUP: 938
1 -1 1 -1 1 -1 1 -1 1 -1 1 -1 48 -1 #SUP: 1133
1 -1 1 -1 1 -1 1 -1 1 -1 1 -1 48 -1 1 -1 #SUP: 969
1 -1 1 -1 1 -1 1 -1 1 -1 1 -1 49 -1 #SUP: 1003
1 -1 1 -1 1 -1 1 -1 1 -1 1 -1 50 -1 #SUP: 971
1 -1 1 -1 1 -1 1 -1 1 -1 2 -1 #SUP: 1098
1 -1 1 -1 1 -1 1 -1 1 -1 2 -1 1 -1 #SUP: 938
1 -1 1 -1 1 -1 1 -1 1 -1 3 -1 #SUP: 1343
1 -1 1 -1 1 -1 1 -1 1 -1 3 -1 1 -1 #SUP: 1112
1 -1 1 -1 1 -1 1 -1 1 -1 3 -1 1 -1 1 -1 #SUP: 1035
1 -1 1 -1 1 -1 1 -1 1 -1 3 -1 1 -1 1 -1 1 -1 #SUP: 951
1 -1 1 -1 1 -1 1 -1 1 -1 4 -1 #SUP: 1266
1 -1 1 -1 1 -1 1 -1 1 -1 4 -1 1 -1 #SUP: 1157
1 -1 1 -1 1 -1 1 -1 1 -1 4 -1 1 -1 1 -1 #SUP: 1107
1 -1 1 -1 1 -1 1 -1 1 -1 4 -1 1 -1 1 -1 1 -1 #SUP: 1052
1 -1 1 -1 1 -1 1 -1 1 -1 4 -1 1 -1 1 -1 1 -1 1 -1 #SUP: 1000
1 -1 1 -1 1 -1 1 -1 1 -1 4 -1 1 -1 1 -1 1 -1 1 -1 1 -1 #SUP: 924
1 -1 1 -1 1 -1 1 -1 1 -1 6 -1 #SUP: 1162
1 -1 1 -1 1 -1 1 -1 1 -1 6 -1 1 -1 #SUP: 1011
1 -1 1 -1 1 -1 1 -1 1 -1 6 -1 1 -1 1 -1 #SUP: 956
1 -1 1 -1 1 -1 1 -1 1 -1 7 -1 #SUP: 1054
1 -1 1 -1 1 -1 1 -1 1 -1 7 -1 1 -1 #SUP: 928
1 -1 1 -1 1 -1 1 -1 1 -1 8 -1 #SUP: 1858
1 -1 1 -1 1 -1 1 -1 1 -1 8 -1 1 -1 #SUP: 1703
1 -1 1 -1 1 -1 1 -1 1 -1 8 -1 1 -1 1 -1 #SUP: 1646
1 -1 1 -1 1 -1 1 -1 1 -1 8 -1 1 -1 1 -1 1 -1 #SUP: 1563
1 -1 1 -1 1 -1 1 -1 1 -1 8 -1 1 -1 1 -1 1 -1 1 -1 #SUP: 1458
1 -1 1 -1 1 -1 1 -1 1 -1 8 -1 1 -1 1 -1 1 -1 1 -1 1 -1 #SUP: 1318
1 -1 1 -1 1 -1 1 -1 1 -1 8 -1 1 -1 1 -1 1 -1 1 -1 1 -1 1 -1 #SUP: 1163
1 -1 1 -1 1 -1 1 -1 1 -1 8 -1 1 -1 1 -1 1 -1 1 -1 1 -1 1 -1 1 -1 #SUP: 997
1 -1 1 -1 1 -1 1 -1 1 -1 10 -1 #SUP: 1106
1 -1 1 -1 1 -1 1 -1 1 -1 11 -1 #SUP: 1005
1 -1 1 -1 1 -1 1 -1 1 -1 11 -1 1 -1 #SUP: 953
1 -1 1 -1 1 -1 1 -1 1 -1 11 -1 1 -1 1 -1 #SUP: 913
1 -1 1 -1 1 -1 1 -1 1 -1 12 -1 #SUP: 984
1 -1 1 -1 1 -1 1 -1 1 -1 13 -1 #SUP: 1088
1 -1 1 -1 1 -1 1 -1 1 -1 13 -1 1 -1 #SUP: 1020
1 -1 1 -1 1 -1 1 -1 1 -1 13 -1 1 -1 1 -1 #SUP: 974
1 -1 1 -1 1 -1 1 -1 1 -1 13 -1 1 -1 1 -1 1 -1 #SUP: 929
1 -1 1 -1 1 -1 1 -1 1 -1 14 -1 #SUP: 1926
1 -1 1 -1 1 -1 1 -1 1 -1 14 -1 1 -1 #SUP: 1523
1 -1 1 -1 1 -1 1 -1 1 -1 14 -1 1 -1 1 -1 #SUP: 1376
1 -1 1 -1 1 -1 1 -1 1 -1 14 -1 1 -1 1 -1 1 -1 #SUP: 1240
1 -1 1 -1 1 -1 1 -1 1 -1 14 -1 1 -1 1 -1 1 -1 1 -1 #SUP: 1107
1 -1 1 -1 1 -1 1 -1 1 -1 14 -1 1 -1 1 -1 1 -1 1 -1 1 -1 #SUP: 959
1 -1 1 -1 1 -1 1 -1 1 -1 15 -1 #SUP: 1035
1 -1 1 -1 1 -1 1 -1 1 -1 15 -1 1 -1 #SUP: 980
1 -1 1 -1 1 -1 1 -1 1 -1 15 -1 1 -1 1 -1 #SUP: 945
1 -1 1 -1 1 -1 1 -1 1 -1 16 -1 #SUP: 1522
1 -1 1 -1 1 -1 1 -1 1 -1 16 -1 1 -1 #SUP: 1181
1 -1 1 -1 1 -1 1 -1 1 -1 16 -1 1 -1 1 -1 #SUP: 1107
1 -1 1 -1 1 -1 1 -1 1 -1 16 -1 1 -1 1 -1 1 -1 #SUP: 1024
1 -1 1 -1 1 -1 1 -1 1 -1 16 -1 1 -1 1 -1 1 -1 1 -1 #SUP: 919
1 -1 1 -1 1 -1 1 -1 1 -1 19 -1 #SUP: 1523
1 -1 1 -1 1 -1 1 -1 1 -1 19 -1 1 -1 #SUP: 1308
1 -1 1 -1 1 -1 1 -1 1 -1 19 -1 1 -1 1 -1 #SUP: 1246
1 -1 1 -1 1 -1 1 -1 1 -1 19 -1 1 -1 1 -1 1 -1 #SUP: 1179
1 -1 1 -1 1 -1 1 -1 1 -1 19 -1 1 -1 1 -1 1 -1 1 -1 #SUP: 1099
1 -1 1 -1 1 -1 1 -1 1 -1 19 -1 1 -1 1 -1 1 -1 1 -1 1 -1 #SUP: 1006
1 -1 1 -1 1 -1 1 -1 1 -1 19 -1 1 -1 1 -1 1 -1 1 -1 1 -1 1 -1 #SUP: 907
1 -1 1 -1 1 -1 1 -1 1 -1 20 -1 #SUP: 1240
1 -1 1 -1 1 -1 1 -1 1 -1 20 -1 1 -1 #SUP: 1079
1 -1 1 -1 1 -1 1 -1 1 -1 20 -1 1 -1 1 -1 #SUP: 1013
1 -1 1 -1 1 -1 1 -1 1 -1 20 -1 1 -1 1 -1 1 -1 #SUP: 920
1 -1 1 -1 1 -1 1 -1 1 -1 21 -1 #SUP: 933
1 -1 1 -1 1 -1 1 -1 1 -1 23 -1 #SUP: 1016
1 -1 1 -1 1 -1 1 -1 1 -1 24 -1 #SUP: 1856
1 -1 1 -1 1 -1 1 -1 1 -1 24 -1 1 -1 #SUP: 1436
1 -1 1 -1 1 -1 1 -1 1 -1 24 -1 1 -1 1 -1 #SUP: 1337
1 -1 1 -1 1 -1 1 -1 1 -1 24 -1 1 -1 1 -1 1 -1 #SUP: 1214
1 -1 1 -1 1 -1 1 -1 1 -1 24 -1 1 -1 1 -1 1 -1 1 -1 #SUP: 1087
1 -1 1 -1 1 -1 1 -1 1 -1 24 -1 1 -1 1 -1 1 -1 1 -1 1 -1 #SUP: 956
1 -1 1 -1 1 -1 1 -1 1 -1 25 -1 #SUP: 1278
1 -1 1 -1 1 -1 1 -1 1 -1 25 -1 1 -1 #SUP: 907
1 -1 1 -1 1 -1 1 -1 1 -1 26 -1 #SUP: 1096
1 -1 1 -1 1 -1 1 -1 1 -1 27 -1 #SUP: 1913
1 -1 1 -1 1 -1 1 -1 1 -1 27 -1 1 -1 #SUP: 1658
1 -1 1 -1 1 -1 1 -1 1 -1 27 -1 1 -1 1 -1 #SUP: 1559
1 -1 1 -1 1 -1 1 -1 1 -1 27 -1 1 -1 1 -1 1 -1 #SUP: 1442
1 -1 1 -1 1 -1 1 -1 1 -1 27 -1 1 -1 1 -1 1 -1 1 -1 #SUP: 1275
1 -1 1 -1 1 -1 1 -1 1 -1 27 -1 1 -1 1 -1 1 -1 1 -1 1 -1 #SUP: 1131
1 -1 1 -1 1 -1 1 -1 1 -1 27 -1 1 -1 1 -1 1 -1 1 -1 1 -1 1 -1 #SUP: 979
1 -1 1 -1 1 -1 1 -1 1 -1 28 -1 #SUP: 968
1 -1 1 -1 1 -1 1 -1 1 -1 28 -1 1 -1 #SUP: 966
1 -1 1 -1 1 -1 1 -1 1 -1 28 -1 1 -1 1 -1 #SUP: 957
1 -1 1 -1 1 -1 1 -1 1 -1 28 -1 1 -1 1 -1 1 -1 #SUP: 930
1 -1 1 -1 1 -1 1 -1 1 -1 29 -1 #SUP: 1375
1 -1 1 -1 1 -1 1 -1 1 -1 29 -1 1 -1 #SUP: 1298
1 -1 1 -1 1 -1 1 -1 1 -1 29 -1 1 -1 1 -1 #SUP: 1243
1 -1 1 -1 1 -1 1 -1 1 -1 29 -1 1 -1 1 -1 1 -1 #SUP: 1155
1 -1 1 -1 1 -1 1 -1 1 -1 29 -1 1 -1 1 -1 1 -1 1 -1 #SUP: 1058
1 -1 1 -1 1 -1 1 -1 1 -1 29 -1 1 -1 1 -1 1 -1 1 -1 1 -1 #SUP: 942
1 -1 1 -1 1 -1 1 -1 1 -1 30 -1 #SUP: 1584
1 -1 1 -1 1 -1 1 -1 1 -1 30 -1 1 -1 #SUP: 1252
1 -1 1 -1 1 -1 1 -1 1 -1 30 -1 1 -1 1 -1 #SUP: 1157
1 -1 1 -1 1 -1 1 -1 1 -1 30 -1 1 -1 1 -1 1 -1 #SUP: 1049
1 -1 1 -1 1 -1 1 -1 1 -1 30 -1 1 -1 1 -1 1 -1 1 -1 #SUP: 936
1 -1 1 -1 1 -1 1 -1 1 -1 31 -1 #SUP: 1278
1 -1 1 -1 1 -1 1 -1 1 -1 31 -1 1 -1 #SUP: 1136
1 -1 1 -1 1 -1 1 -1 1 -1 31 -1 1 -1 1 -1 #SUP: 1078
1 -1 1 -1 1 -1 1 -1 1 -1 31 -1 1 -1 1 -1 1 -1 #SUP: 1004
1 -1 1 -1 1 -1 1 -1 1 -1 31 -1 1 -1 1 -1 1 -1 1 -1 #SUP: 924
1 -1 1 -1 1 -1 1 -1 1 -1 32 -1 #SUP: 1290
1 -1 1 -1 1 -1 1 -1 1 -1 32 -1 1 -1 #SUP: 1096
1 -1 1 -1 1 -1 1 -1 1 -1 32 -1 1 -1 1 -1 #SUP: 1050
1 -1 1 -1 1 -1 1 -1 1 -1 32 -1 1 -1 1 -1 1 -1 #SUP: 971
1 -1 1 -1 1 -1 1 -1 1 -1 35 -1 #SUP: 1674
1 -1 1 -1 1 -1 1 -1 1 -1 35 -1 1 -1 #SUP: 1487
1 -1 1 -1 1 -1 1 -1 1 -1 35 -1 1 -1 1 -1 #SUP: 1383
1 -1 1 -1 1 -1 1 -1 1 -1 35 -1 1 -1 1 -1 1 -1 #SUP: 1270
1 -1 1 -1 1 -1 1 -1 1 -1 35 -1 1 -1 1 -1 1 -1 1 -1 #SUP: 1141
1 -1 1 -1 1 -1 1 -1 1 -1 35 -1 1 -1 1 -1 1 -1 1 -1 1 -1 #SUP: 994
1 -1 1 -1 1 -1 1 -1 1 -1 36 -1 #SUP: 1343
1 -1 1 -1 1 -1 1 -1 1 -1 36 -1 1 -1 #SUP: 1247
1 -1 1 -1 1 -1 1 -1 1 -1 36 -1 1 -1 1 -1 #SUP: 1200
1 -1 1 -1 1 -1 1 -1 1 -1 36 -1 1 -1 1 -1 1 -1 #SUP: 1145
1 -1 1 -1 1 -1 1 -1 1 -1 36 -1 1 -1 1 -1 1 -1 1 -1 #SUP: 1070
1 -1 1 -1 1 -1 1 -1 1 -1 36 -1 1 -1 1 -1 1 -1 1 -1 1 -1 #SUP: 987
1 -1 1 -1 1 -1 1 -1 1 -1 39 -1 #SUP: 1731
1 -1 1 -1 1 -1 1 -1 1 -1 39 -1 1 -1 #SUP: 1469
1 -1 1 -1 1 -1 1 -1 1 -1 39 -1 1 -1 1 -1 #SUP: 1351
1 -1 1 -1 1 -1 1 -1 1 -1 39 -1 1 -1 1 -1 1 -1 #SUP: 1238
1 -1 1 -1 1 -1 1 -1 1 -1 39 -1 1 -1 1 -1 1 -1 1 -1 #SUP: 1088
1 -1 1 -1 1 -1 1 -1 1 -1 39 -1 1 -1 1 -1 1 -1 1 -1 1 -1 #SUP: 938
1 -1 1 -1 1 -1 1 -1 1 -1 40 -1 #SUP: 1248
1 -1 1 -1 1 -1 1 -1 1 -1 40 -1 1 -1 #SUP: 1054
1 -1 1 -1 1 -1 1 -1 1 -1 40 -1 1 -1 1 -1 #SUP: 1021
1 -1 1 -1 1 -1 1 -1 1 -1 40 -1 1 -1 1 -1 1 -1 #SUP: 974
1 -1 1 -1 1 -1 1 -1 1 -1 40 -1 1 -1 1 -1 1 -1 1 -1 #SUP: 924
1 -1 1 -1 1 -1 1 -1 1 -1 41 -1 #SUP: 1018
1 -1 1 -1 1 -1 1 -1 1 -1 41 -1 1 -1 #SUP: 907
1 -1 1 -1 1 -1 1 -1 1 -1 42 -1 #SUP: 1461
1 -1 1 -1 1 -1 1 -1 1 -1 42 -1 1 -1 #SUP: 1255
1 -1 1 -1 1 -1 1 -1 1 -1 42 -1 1 -1 1 -1 #SUP: 1155
1 -1 1 -1 1 -1 1 -1 1 -1 42 -1 1 -1 1 -1 1 -1 #SUP: 1040
1 -1 1 -1 1 -1 1 -1 1 -1 42 -1 1 -1 1 -1 1 -1 1 -1 #SUP: 912
1 -1 1 -1 1 -1 1 -1 1 -1 43 -1 #SUP: 2038
1 -1 1 -1 1 -1 1 -1 1 -1 43 -1 1 -1 #SUP: 1496
1 -1 1 -1 1 -1 1 -1 1 -1 43 -1 1 -1 1 -1 #SUP: 1313
1 -1 1 -1 1 -1 1 -1 1 -1 43 -1 1 -1 1 -1 1 -1 #SUP: 1154
1 -1 1 -1 1 -1 1 -1 1 -1 43 -1 1 -1 1 -1 1 -1 1 -1 #SUP: 1009
1 -1 1 -1 1 -1 1 -1 1 -1 44 -1 #SUP: 1456
1 -1 1 -1 1 -1 1 -1 1 -1 44 -1 1 -1 #SUP: 1306
1 -1 1 -1 1 -1 1 -1 1 -1 44 -1 1 -1 1 -1 #SUP: 1257
1 -1 1 -1 1 -1 1 -1 1 -1 44 -1 1 -1 1 -1 1 -1 #SUP: 1169
1 -1 1 -1 1 -1 1 -1 1 -1 44 -1 1 -1 1 -1 1 -1 1 -1 #SUP: 1076
1 -1 1 -1 1 -1 1 -1 1 -1 44 -1 1 -1 1 -1 1 -1 1 -1 1 -1 #SUP: 961
1 -1 1 -1 1 -1 1 -1 1 -1 47 -1 #SUP: 1463
1 -1 1 -1 1 -1 1 -1 1 -1 47 -1 1 -1 #SUP: 1279
1 -1 1 -1 1 -1 1 -1 1 -1 47 -1 1 -1 1 -1 #SUP: 1218
1 -1 1 -1 1 -1 1 -1 1 -1 47 -1 1 -1 1 -1 1 -1 #SUP: 1170
1 -1 1 -1 1 -1 1 -1 1 -1 47 -1 1 -1 1 -1 1 -1 1 -1 #SUP: 1097
1 -1 1 -1 1 -1 1 -1 1 -1 47 -1 1 -1 1 -1 1 -1 1 -1 1 -1 #SUP: 1017
1 -1 1 -1 1 -1 1 -1 1 -1 47 -1 1 -1 1 -1 1 -1 1 -1 1 -1 1 -1 #SUP: 925
1 -1 1 -1 1 -1 1 -1 1 -1 48 -1 #SUP: 1173
1 -1 1 -1 1 -1 1 -1 1 -1 48 -1 1 -1 #SUP: 1010
1 -1 1 -1 1 -1 1 -1 1 -1 48 -1 1 -1 1 -1 #SUP: 923
1 -1 1 -1 1 -1 1 -1 1 -1 49 -1 #SUP: 1066
1 -1 1 -1 1 -1 1 -1 1 -1 49 -1 1 -1 #SUP: 951
1 -1 1 -1 1 -1 1 -1 1 -1 50 -1 #SUP: 1047
1 -1 1 -1 1 -1 1 -1 1 -1 50 -1 1 -1 #SUP: 907
1 -1 1 -1 1 -1 1 -1 2 -1 #SUP: 1197
1 -1 1 -1 1 -1 1 -1 2 -1 1 -1 #SUP: 1037
1 -1 1 -1 1 -1 1 -1 2 -1 1 -1 1 -1 #SUP: 982
1 -1 1 -1 1 -1 1 -1 2 -1 1 -1 1 -1 1 -1 #SUP: 943
1 -1 1 -1 1 -1 1 -1 3 -1 #SUP: 1412
1 -1 1 -1 1 -1 1 -1 3 -1 1 -1 #SUP: 1181
1 -1 1 -1 1 -1 1 -1 3 -1 1 -1 1 -1 #SUP: 1105
1 -1 1 -1 1 -1 1 -1 3 -1 1 -1 1 -1 1 -1 #SUP: 1021
1 -1 1 -1 1 -1 1 -1 3 -1 1 -1 1 -1 1 -1 1 -1 #SUP: 947
1 -1 1 -1 1 -1 1 -1 4 -1 #SUP: 1394
1 -1 1 -1 1 -1 1 -1 4 -1 1 -1 #SUP: 1285
1 -1 1 -1 1 -1 1 -1 4 -1 1 -1 1 -1 #SUP: 1235
1 -1 1 -1 1 -1 1 -1 4 -1 1 -1 1 -1 1 -1 #SUP: 1180
1 -1 1 -1 1 -1 1 -1 4 -1 1 -1 1 -1 1 -1 1 -1 #SUP: 1128
1 -1 1 -1 1 -1 1 -1 4 -1 1 -1 1 -1 1 -1 1 -1 1 -1 #SUP: 1053
1 -1 1 -1 1 -1 1 -1 4 -1 1 -1 1 -1 1 -1 1 -1 1 -1 1 -1 #SUP: 961
1 -1 1 -1 1 -1 1 -1 6 -1 #SUP: 1233
1 -1 1 -1 1 -1 1 -1 6 -1 1 -1 #SUP: 1082
1 -1 1 -1 1 -1 1 -1 6 -1 1 -1 1 -1 #SUP: 1027
1 -1 1 -1 1 -1 1 -1 6 -1 1 -1 1 -1 1 -1 #SUP: 949
1 -1 1 -1 1 -1 1 -1 7 -1 #SUP: 1141
1 -1 1 -1 1 -1 1 -1 7 -1 1 -1 #SUP: 1015
1 -1 1 -1 1 -1 1 -1 7 -1 1 -1 1 -1 #SUP: 966
1 -1 1 -1 1 -1 1 -1 7 -1 1 -1 1 -1 1 -1 #SUP: 913
1 -1 1 -1 1 -1 1 -1 8 -1 #SUP: 1973
1 -1 1 -1 1 -1 1 -1 8 -1 1 -1 #SUP: 1818
1 -1 1 -1 1 -1 1 -1 8 -1 1 -1 1 -1 #SUP: 1764
1 -1 1 -1 1 -1 1 -1 8 -1 1 -1 1 -1 1 -1 #SUP: 1683
1 -1 1 -1 1 -1 1 -1 8 -1 1 -1 1 -1 1 -1 1 -1 #SUP: 1581
1 -1 1 -1 1 -1 1 -1 8 -1 1 -1 1 -1 1 -1 1 -1 1 -1 #SUP: 1442
1 -1 1 -1 1 -1 1 -1 8 -1 1 -1 1 -1 1 -1 1 -1 1 -1 1 -1 #SUP: 1293
1 -1 1 -1 1 -1 1 -1 8 -1 1 -1 1 -1 1 -1 1 -1 1 -1 1 -1 1 -1 #SUP: 1128
1 -1 1 -1 1 -1 1 -1 8 -1 1 -1 1 -1 1 -1 1 -1 1 -1 1 -1 1 -1 1 -1 #SUP: 960
1 -1 1 -1 1 -1 1 -1 10 -1 #SUP: 1140
1 -1 1 -1 1 -1 1 -1 11 -1 #SUP: 1088
1 -1 1 -1 1 -1 1 -1 11 -1 1 -1 #SUP: 1036
1 -1 1 -1 1 -1 1 -1 11 -1 1 -1 1 -1 #SUP: 996
1 -1 1 -1 1 -1 1 -1 11 -1 1 -1 1 -1 1 -1 #SUP: 950
1 -1 1 -1 1 -1 1 -1 12 -1 #SUP: 1006
1 -1 1 -1 1 -1 1 -1 13 -1 #SUP: 1181
1 -1 1 -1 1 -1 1 -1 13 -1 1 -1 #SUP: 1113
1 -1 1 -1 1 -1 1 -1 13 -1 1 -1 1 -1 #SUP: 1067
1 -1 1 -1 1 -1 1 -1 13 -1 1 -1 1 -1 1 -1 #SUP: 1022
1 -1 1 -1 1 -1 1 -1 13 -1 1 -1 1 -1 1 -1 1 -1 #SUP: 957
1 -1 1 -1 1 -1 1 -1 14 -1 #SUP: 1998
1 -1 1 -1 1 -1 1 -1 14 -1 1 -1 #SUP: 1596
1 -1 1 -1 1 -1 1 -1 14 -1 1 -1 1 -1 #SUP: 1450
1 -1 1 -1 1 -1 1 -1 14 -1 1 -1 1 -1 1 -1 #SUP: 1314
1 -1 1 -1 1 -1 1 -1 14 -1 1 -1 1 -1 1 -1 1 -1 #SUP: 1183
1 -1 1 -1 1 -1 1 -1 14 -1 1 -1 1 -1 1 -1 1 -1 1 -1 #SUP: 1039
1 -1 1 -1 1 -1 1 -1 14 -1 1 -1 1 -1 1 -1 1 -1 1 -1 1 -1 #SUP: 920
1 -1 1 -1 1 -1 1 -1 15 -1 #SUP: 1107
1 -1 1 -1 1 -1 1 -1 15 -1 1 -1 #SUP: 1052
1 -1 1 -1 1 -1 1 -1 15 -1 1 -1 1 -1 #SUP: 1017
1 -1 1 -1 1 -1 1 -1 15 -1 1 -1 1 -1 1 -1 #SUP: 957
1 -1 1 -1 1 -1 1 -1 16 -1 #SUP: 1600
1 -1 1 -1 1 -1 1 -1 16 -1 1 -1 #SUP: 1261
1 -1 1 -1 1 -1 1 -1 16 -1 1 -1 1 -1 #SUP: 1190
1 -1 1 -1 1 -1 1 -1 16 -1 1 -1 1 -1 1 -1 #SUP: 1109
1 -1 1 -1 1 -1 1 -1 16 -1 1 -1 1 -1 1 -1 1 -1 #SUP: 1005
1 -1 1 -1 1 -1 1 -1 16 -1 1 -1 1 -1 1 -1 1 -1 1 -1 #SUP: 914
1 -1 1 -1 1 -1 1 -1 19 -1 #SUP: 1608
1 -1 1 -1 1 -1 1 -1 19 -1 1 -1 #SUP: 1393
1 -1 1 -1 1 -1 1 -1 19 -1 1 -1 1 -1 #SUP: 1331
1 -1 1 -1 1 -1 1 -1 19 -1 1 -1 1 -1 1 -1 #SUP: 1264
1 -1 1 -1 1 -1 1 -1 19 -1 1 -1 1 -1 1 -1 1 -1 #SUP: 1184
1 -1 1 -1 1 -1 1 -1 19 -1 1 -1 1 -1 1 -1 1 -1 1 -1 #SUP: 1091
1 -1 1 -1 1 -1 1 -1 19 -1 1 -1 1 -1 1 -1 1 -1 1 -1 1 -1 #SUP: 994
1 -1 1 -1 1 -1 1 -1 20 -1 #SUP: 1272
1 -1 1 -1 1 -1 1 -1 20 -1 1 -1 #SUP: 1111
1 -1 1 -1 1 -1 1 -1 20 -1 1 -1 1 -1 #SUP: 1045
1 -1 1 -1 1 -1 1 -1 20 -1 1 -1 1 -1 1 -1 #SUP: 952
1 -1 1 -1 1 -1 1 -1 21 -1 #SUP: 972
1 -1 1 -1 1 -1 1 -1 23 -1 #SUP: 1099
1 -1 1 -1 1 -1 1 -1 24 -1 #SUP: 1969
1 -1 1 -1 1 -1 1 -1 24 -1 1 -1 #SUP: 1549
1 -1 1 -1 1 -1 1 -1 24 -1 1 -1 1 -1 #SUP: 1450
1 -1 1 -1 1 -1 1 -1 24 -1 1 -1 1 -1 1 -1 #SUP: 1327
1 -1 1 -1 1 -1 1 -1 24 -1 1 -1 1 -1 1 -1 1 -1 #SUP: 1200
1 -1 1 -1 1 -1 1 -1 24 -1 1 -1 1 -1 1 -1 1 -1 1 -1 #SUP: 1069
1 -1 1 -1 1 -1 1 -1 24 -1 1 -1 1 -1 1 -1 1 -1 1 -1 1 -1 #SUP: 932
1 -1 1 -1 1 -1 1 -1 25 -1 #SUP: 1326
1 -1 1 -1 1 -1 1 -1 25 -1 1 -1 #SUP: 955
1 -1 1 -1 1 -1 1 -1 26 -1 #SUP: 1190
1 -1 1 -1 1 -1 1 -1 26 -1 1 -1 #SUP: 903
1 -1 1 -1 1 -1 1 -1 27 -1 #SUP: 2005
1 -1 1 -1 1 -1 1 -1 27 -1 1 -1 #SUP: 1750
1 -1 1 -1 1 -1 1 -1 27 -1 1 -1 1 -1 #SUP: 1651
1 -1 1 -1 1 -1 1 -1 27 -1 1 -1 1 -1 1 -1 #SUP: 1534
1 -1 1 -1 1 -1 1 -1 27 -1 1 -1 1 -1 1 -1 1 -1 #SUP: 1367
1 -1 1 -1 1 -1 1 -1 27 -1 1 -1 1 -1 1 -1 1 -1 1 -1 #SUP: 1223
1 -1 1 -1 1 -1 1 -1 27 -1 1 -1 1 -1 1 -1 1 -1 1 -1 1 -1 #SUP: 1071
1 -1 1 -1 1 -1 1 -1 27 -1 1 -1 1 -1 1 -1 1 -1 1 -1 1 -1 1 -1 #SUP: 920
1 -1 1 -1 1 -1 1 -1 28 -1 #SUP: 1050
1 -1 1 -1 1 -1 1 -1 28 -1 1 -1 #SUP: 1048
1 -1 1 -1 1 -1 1 -1 28 -1 1 -1 1 -1 #SUP: 1039
1 -1 1 -1 1 -1 1 -1 28 -1 1 -1 1 -1 1 -1 #SUP: 1012
1 -1 1 -1 1 -1 1 -1 28 -1 1 -1 1 -1 1 -1 1 -1 #SUP: 961
1 -1 1 -1 1 -1 1 -1 29 -1 #SUP: 1463
1 -1 1 -1 1 -1 1 -1 29 -1 1 -1 #SUP: 1386
1 -1 1 -1 1 -1 1 -1 29 -1 1 -1 1 -1 #SUP: 1331
1 -1 1 -1 1 -1 1 -1 29 -1 1 -1 1 -1 1 -1 #SUP: 1243
1 -1 1 -1 1 -1 1 -1 29 -1 1 -1 1 -1 1 -1 1 -1 #SUP: 1146
1 -1 1 -1 1 -1 1 -1 29 -1 1 -1 1 -1 1 -1 1 -1 1 -1 #SUP: 1030
1 -1 1 -1 1 -1 1 -1 29 -1 1 -1 1 -1 1 -1 1 -1 1 -1 1 -1 #SUP: 930
1 -1 1 -1 1 -1 1 -1 30 -1 #SUP: 1649
1 -1 1 -1 1 -1 1 -1 30 -1 1 -1 #SUP: 1317
1 -1 1 -1 1 -1 1 -1 30 -1 1 -1 1 -1 #SUP: 1222
1 -1 1 -1 1 -1 1 -1 30 -1 1 -1 1 -1 1 -1 #SUP: 1114
1 -1 1 -1 1 -1 1 -1 30 -1 1 -1 1 -1 1 -1 1 -1 #SUP: 1003
1 -1 1 -1 1 -1 1 -1 30 -1 1 -1 1 -1 1 -1 1 -1 1 -1 #SUP: 900
1 -1 1 -1 1 -1 1 -1 31 -1 #SUP: 1333
1 -1 1 -1 1 -1 1 -1 31 -1 1 -1 #SUP: 1191
1 -1 1 -1 1 -1 1 -1 31 -1 1 -1 1 -1 #SUP: 1133
1 -1 1 -1 1 -1 1 -1 31 -1 1 -1 1 -1 1 -1 #SUP: 1059
1 -1 1 -1 1 -1 1 -1 31 -1 1 -1 1 -1 1 -1 1 -1 #SUP: 979
1 -1 1 -1 1 -1 1 -1 32 -1 #SUP: 1366
1 -1 1 -1 1 -1 1 -1 32 -1 1 -1 #SUP: 1172
1 -1 1 -1 1 -1 1 -1 32 -1 1 -1 1 -1 #SUP: 1126
1 -1 1 -1 1 -1 1 -1 32 -1 1 -1 1 -1 1 -1 #SUP: 1047
1 -1 1 -1 1 -1 1 -1 32 -1 1 -1 1 -1 1 -1 1 -1 #SUP: 958
1 -1 1 -1 1 -1 1 -1 35 -1 #SUP: 1763
1 -1 1 -1 1 -1 1 -1 35 -1 1 -1 #SUP: 1576
1 -1 1 -1 1 -1 1 -1 35 -1 1 -1 1 -1 #SUP: 1472
1 -1 1 -1 1 -1 1 -1 35 -1 1 -1 1 -1 1 -1 #SUP: 1359
1 -1 1 -1 1 -1 1 -1 35 -1 1 -1 1 -1 1 -1 1 -1 #SUP: 1230
1 -1 1 -1 1 -1 1 -1 35 -1 1 -1 1 -1 1 -1 1 -1 1 -1 #SUP: 1083
1 -1 1 -1 1 -1 1 -1 35 -1 1 -1 1 -1 1 -1 1 -1 1 -1 1 -1 #SUP: 941
1 -1 1 -1 1 -1 1 -1 36 -1 #SUP: 1470
1 -1 1 -1 1 -1 1 -1 36 -1 1 -1 #SUP: 1374
1 -1 1 -1 1 -1 1 -1 36 -1 1 -1 1 -1 #SUP: 1327
1 -1 1 -1 1 -1 1 -1 36 -1 1 -1 1 -1 1 -1 #SUP: 1272
1 -1 1 -1 1 -1 1 -1 36 -1 1 -1 1 -1 1 -1 1 -1 #SUP: 1197
1 -1 1 -1 1 -1 1 -1 36 -1 1 -1 1 -1 1 -1 1 -1 1 -1 #SUP: 1114
1 -1 1 -1 1 -1 1 -1 36 -1 1 -1 1 -1 1 -1 1 -1 1 -1 1 -1 #SUP: 1014
1 -1 1 -1 1 -1 1 -1 36 -1 1 -1 1 -1 1 -1 1 -1 1 -1 1 -1 1 -1 #SUP: 905
1 -1 1 -1 1 -1 1 -1 39 -1 #SUP: 1836
1 -1 1 -1 1 -1 1 -1 39 -1 1 -1 #SUP: 1574
1 -1 1 -1 1 -1 1 -1 39 -1 1 -1 1 -1 #SUP: 1456
1 -1 1 -1 1 -1 1 -1 39 -1 1 -1 1 -1 1 -1 #SUP: 1343
1 -1 1 -1 1 -1 1 -1 39 -1 1 -1 1 -1 1 -1 1 -1 #SUP: 1193
1 -1 1 -1 1 -1 1 -1 39 -1 1 -1 1 -1 1 -1 1 -1 1 -1 #SUP: 1043
1 -1 1 -1 1 -1 1 -1 39 -1 1 -1 1 -1 1 -1 1 -1 1 -1 1 -1 #SUP: 920
1 -1 1 -1 1 -1 1 -1 40 -1 #SUP: 1362
1 -1 1 -1 1 -1 1 -1 40 -1 1 -1 #SUP: 1168
1 -1 1 -1 1 -1 1 -1 40 -1 1 -1 1 -1 #SUP: 1135
1 -1 1 -1 1 -1 1 -1 40 -1 1 -1 1 -1 1 -1 #SUP: 1088
1 -1 1 -1 1 -1 1 -1 40 -1 1 -1 1 -1 1 -1 1 -1 #SUP: 1038
1 -1 1 -1 1 -1 1 -1 40 -1 1 -1 1 -1 1 -1 1 -1 1 -1 #SUP: 973
1 -1 1 -1 1 -1 1 -1 41 -1 #SUP: 1088
1 -1 1 -1 1 -1 1 -1 41 -1 1 -1 #SUP: 977
1 -1 1 -1 1 -1 1 -1 41 -1 1 -1 1 -1 #SUP: 944
1 -1 1 -1 1 -1 1 -1 42 -1 #SUP: 1525
1 -1 1 -1 1 -1 1 -1 42 -1 1 -1 #SUP: 1319
1 -1 1 -1 1 -1 1 -1 42 -1 1 -1 1 -1 #SUP: 1219
1 -1 1 -1 1 -1 1 -1 42 -1 1 -1 1 -1 1 -1 #SUP: 1104
1 -1 1 -1 1 -1 1 -1 42 -1 1 -1 1 -1 1 -1 1 -1 #SUP: 976
1 -1 1 -1 1 -1 1 -1 42 -1 43 -1 #SUP: 927
1 -1 1 -1 1 -1 1 -1 43 -1 #SUP: 2101
1 -1 1 -1 1 -1 1 -1 43 -1 1 -1 #SUP: 1568
1 -1 1 -1 1 -1 1 -1 43 -1 1 -1 1 -1 #SUP: 1389
1 -1 1 -1 1 -1 1 -1 43 -1 1 -1 1 -1 1 -1 #SUP: 1233
1 -1 1 -1 1 -1 1 -1 43 -1 1 -1 1 -1 1 -1 1 -1 #SUP: 1089
1 -1 1 -1 1 -1 1 -1 43 -1 1 -1 1 -1 1 -1 1 -1 1 -1 #SUP: 932
1 -1 1 -1 1 -1 1 -1 44 -1 #SUP: 1522
1 -1 1 -1 1 -1 1 -1 44 -1 1 -1 #SUP: 1372
1 -1 1 -1 1 -1 1 -1 44 -1 1 -1 1 -1 #SUP: 1323
1 -1 1 -1 1 -1 1 -1 44 -1 1 -1 1 -1 1 -1 #SUP: 1237
1 -1 1 -1 1 -1 1 -1 44 -1 1 -1 1 -1 1 -1 1 -1 #SUP: 1145
1 -1 1 -1 1 -1 1 -1 44 -1 1 -1 1 -1 1 -1 1 -1 1 -1 #SUP: 1034
1 -1 1 -1 1 -1 1 -1 44 -1 1 -1 1 -1 1 -1 1 -1 1 -1 1 -1 #SUP: 901
1 -1 1 -1 1 -1 1 -1 47 -1 #SUP: 1579
1 -1 1 -1 1 -1 1 -1 47 -1 1 -1 #SUP: 1395
1 -1 1 -1 1 -1 1 -1 47 -1 1 -1 1 -1 #SUP: 1334
1 -1 1 -1 1 -1 1 -1 47 -1 1 -1 1 -1 1 -1 #SUP: 1286
1 -1 1 -1 1 -1 1 -1 47 -1 1 -1 1 -1 1 -1 1 -1 #SUP: 1213
1 -1 1 -1 1 -1 1 -1 47 -1 1 -1 1 -1 1 -1 1 -1 1 -1 #SUP: 1133
1 -1 1 -1 1 -1 1 -1 47 -1 1 -1 1 -1 1 -1 1 -1 1 -1 1 -1 #SUP: 1040
1 -1 1 -1 1 -1 1 -1 47 -1 1 -1 1 -1 1 -1 1 -1 1 -1 1 -1 1 -1 #SUP: 909
1 -1 1 -1 1 -1 1 -1 48 -1 #SUP: 1225
1 -1 1 -1 1 -1 1 -1 48 -1 1 -1 #SUP: 1064
1 -1 1 -1 1 -1 1 -1 48 -1 1 -1 1 -1 #SUP: 977
1 -1 1 -1 1 -1 1 -1 49 -1 #SUP: 1146
1 -1 1 -1 1 -1 1 -1 49 -1 1 -1 #SUP: 1031
1 -1 1 -1 1 -1 1 -1 49 -1 1 -1 1 -1 #SUP: 976
1 -1 1 -1 1 -1 1 -1 50 -1 #SUP: 1130
1 -1 1 -1 1 -1 1 -1 50 -1 1 -1 #SUP: 990
1 -1 1 -1 1 -1 1 -1 50 -1 1 -1 1 -1 #SUP: 939
1 -1 1 -1 1 -1 2 -1 #SUP: 1273
1 -1 1 -1 1 -1 2 -1 1 -1 #SUP: 1113
1 -1 1 -1 1 -1 2 -1 1 -1 1 -1 #SUP: 1058
1 -1 1 -1 1 -1 2 -1 1 -1 1 -1 1 -1 #SUP: 1019
1 -1 1 -1 1 -1 2 -1 1 -1 1 -1 1 -1 1 -1 #SUP: 955
1 -1 1 -1 1 -1 3 -1 #SUP: 1470
1 -1 1 -1 1 -1 3 -1 1 -1 #SUP: 1239
1 -1 1 -1 1 -1 3 -1 1 -1 1 -1 #SUP: 1163
1 -1 1 -1 1 -1 3 -1 1 -1 1 -1 1 -1 #SUP: 1079
1 -1 1 -1 1 -1 3 -1 1 -1 1 -1 1 -1 1 -1 #SUP: 1007
1 -1 1 -1 1 -1 3 -1 1 -1 1 -1 1 -1 1 -1 1 -1 #SUP: 912
1 -1 1 -1 1 -1 4 -1 #SUP: 1521
1 -1 1 -1 1 -1 4 -1 1 -1 #SUP: 1412
1 -1 1 -1 1 -1 4 -1 1 -1 1 -1 #SUP: 1362
1 -1 1 -1 1 -1 4 -1 1 -1 1 -1 1 -1 #SUP: 1307
1 -1 1 -1 1 -1 4 -1 1 -1 1 -1 1 -1 1 -1 #SUP: 1255
1 -1 1 -1 1 -1 4 -1 1 -1 1 -1 1 -1 1 -1 1 -1 #SUP: 1180
1 -1 1 -1 1 -1 4 -1 1 -1 1 -1 1 -1 1 -1 1 -1 1 -1 #SUP: 1088
1 -1 1 -1 1 -1 4 -1 1 -1 1 -1 1 -1 1 -1 1 -1 1 -1 1 -1 #SUP: 995
1 -1 1 -1 1 -1 6 -1 #SUP: 1291
1 -1 1 -1 1 -1 6 -1 1 -1 #SUP: 1140
1 -1 1 -1 1 -1 6 -1 1 -1 1 -1 #SUP: 1085
1 -1 1 -1 1 -1 6 -1 1 -1 1 -1 1 -1 #SUP: 1007
1 -1 1 -1 1 -1 6 -1 1 -1 1 -1 1 -1 1 -1 #SUP: 928
1 -1 1 -1 1 -1 7 -1 #SUP: 1231
1 -1 1 -1 1 -1 7 -1 1 -1 #SUP: 1105
1 -1 1 -1 1 -1 7 -1 1 -1 1 -1 #SUP: 1056
1 -1 1 -1 1 -1 7 -1 1 -1 1 -1 1 -1 #SUP: 1003
1 -1 1 -1 1 -1 7 -1 1 -1 1 -1 1 -1 1 -1 #SUP: 932
1 -1 1 -1 1 -1 8 -1 #SUP: 2058
1 -1 1 -1 1 -1 8 -1 1 -1 #SUP: 1903
1 -1 1 -1 1 -1 8 -1 1 -1 1 -1 #SUP: 1849
1 -1 1 -1 1 -1 8 -1 1 -1 1 -1 1 -1 #SUP: 1768
1 -1 1 -1 1 -1 8 -1 1 -1 1 -1 1 -1 1 -1 #SUP: 1667
1 -1 1 -1 1 -1 8 -1 1 -1 1 -1 1 -1 1 -1 1 -1 #SUP: 1531
1 -1 1 -1 1 -1 8 -1 1 -1 1 -1 1 -1 1 -1 1 -1 1 -1 #SUP: 1385
1 -1 1 -1 1 -1 8 -1 1 -1 1 -1 1 -1 1 -1 1 -1 1 -1 1 -1 #SUP: 1220
1 -1 1 -1 1 -1 8 -1 1 -1 1 -1 1 -1 1 -1 1 -1 1 -1 1 -1 1 -1 #SUP: 1051
1 -1 1 -1 1 -1 10 -1 #SUP: 1159
1 -1 1 -1 1 -1 11 -1 #SUP: 1132
1 -1 1 -1 1 -1 11 -1 1 -1 #SUP: 1080
1 -1 1 -1 1 -1 11 -1 1 -1 1 -1 #SUP: 1040
1 -1 1 -1 1 -1 11 -1 1 -1 1 -1 1 -1 #SUP: 994
1 -1 1 -1 1 -1 11 -1 1 -1 1 -1 1 -1 1 -1 #SUP: 937
1 -1 1 -1 1 -1 12 -1 #SUP: 1019
1 -1 1 -1 1 -1 13 -1 #SUP: 1252
1 -1 1 -1 1 -1 13 -1 1 -1 #SUP: 1184
1 -1 1 -1 1 -1 13 -1 1 -1 1 -1 #SUP: 1138
1 -1 1 -1 1 -1 13 -1 1 -1 1 -1 1 -1 #SUP: 1093
1 -1 1 -1 1 -1 13 -1 1 -1 1 -1 1 -1 1 -1 #SUP: 1028
1 -1 1 -1 1 -1 13 -1 1 -1 1 -1 1 -1 1 -1 1 -1 #SUP: 949
1 -1 1 -1 1 -1 14 -1 #SUP: 2069
1 -1 1 -1 1 -1 14 -1 1 -1 #SUP: 1667
1 -1 1 -1 1 -1 14 -1 1 -1 1 -1 #SUP: 1521
1 -1 1 -1 1 -1 14 -1 1 -1 1 -1 1 -1 #SUP: 1386
1 -1 1 -1 1 -1 14 -1 1 -1 1 -1 1 -1 1 -1 #SUP: 1258
1 -1 1 -1 1 -1 14 -1 1 -1 1 -1 1 -1 1 -1 1 -1 #SUP: 1116
1 -1 1 -1 1 -1 14 -1 1 -1 1 -1 1 -1 1 -1 1 -1 1 -1 #SUP: 999
1 -1 1 -1 1 -1 15 -1 #SUP: 1160
1 -1 1 -1 1 -1 15 -1 1 -1 #SUP: 1105
1 -1 1 -1 1 -1 15 -1 1 -1 1 -1 #SUP: 1070
1 -1 1 -1 1 -1 15 -1 1 -1 1 -1 1 -1 #SUP: 1010
1 -1 1 -1 1 -1 15 -1 1 -1 1 -1 1 -1 1 -1 #SUP: 930
1 -1 1 -1 1 -1 16 -1 #SUP: 1664
1 -1 1 -1 1 -1 16 -1 1 -1 #SUP: 1326
1 -1 1 -1 1 -1 16 -1 1 -1 1 -1 #SUP: 1255
1 -1 1 -1 1 -1 16 -1 1 -1 1 -1 1 -1 #SUP: 1178
1 -1 1 -1 1 -1 16 -1 1 -1 1 -1 1 -1 1 -1 #SUP: 1080
1 -1 1 -1 1 -1 16 -1 1 -1 1 -1 1 -1 1 -1 1 -1 #SUP: 991
1 -1 1 -1 1 -1 16 -1 1 -1 1 -1 1 -1 1 -1 1 -1 1 -1 #SUP: 906
1 -1 1 -1 1 -1 19 -1 #SUP: 1675
1 -1 1 -1 1 -1 19 -1 1 -1 #SUP: 1460
1 -1 1 -1 1 -1 19 -1 1 -1 1 -1 #SUP: 1398
1 -1 1 -1 1 -1 19 -1 1 -1 1 -1 1 -1 #SUP: 1331
1 -1 1 -1 1 -1 19 -1 1 -1 1 -1 1 -1 1 -1 #SUP: 1251
1 -1 1 -1 1 -1 19 -1 1 -1 1 -1 1 -1 1 -1 1 -1 #SUP: 1158
1 -1 1 -1 1 -1 19 -1 1 -1 1 -1 1 -1 1 -1 1 -1 1 -1 #SUP: 1063
1 -1 1 -1 1 -1 19 -1 1 -1 1 -1 1 -1 1 -1 1 -1 1 -1 1 -1 #SUP: 933
1 -1 1 -1 1 -1 20 -1 #SUP: 1318
1 -1 1 -1 1 -1 20 -1 1 -1 #SUP: 1157
1 -1 1 -1 1 -1 20 -1 1 -1 1 -1 #SUP: 1091
1 -1 1 -1 1 -1 20 -1 1 -1 1 -1 1 -1 #SUP: 998
1 -1 1 -1 1 -1 20 -1 1 -1 1 -1 1 -1 1 -1 #SUP: 904
1 -1 1 -1 1 -1 21 -1 #SUP: 995
1 -1 1 -1 1 -1 23 -1 #SUP: 1187
1 -1 1 -1 1 -1 23 -1 1 -1 #SUP: 962
1 -1 1 -1 1 -1 23 -1 1 -1 1 -1 #SUP: 911
1 -1 1 -1 1 -1 24 -1 #SUP: 2061
1 -1 1 -1 1 -1 24 -1 1 -1 #SUP: 1641
1 -1 1 -1 1 -1 24 -1 1 -1 1 -1 #SUP: 1542
1 -1 1 -1 1 -1 24 -1 1 -1 1 -1 1 -1 #SUP: 1419
1 -1 1 -1 1 -1 24 -1 1 -1 1 -1 1 -1 1 -1 #SUP: 1292
1 -1 1 -1 1 -1 24 -1 1 -1 1 -1 1 -1 1 -1 1 -1 #SUP: 1161
1 -1 1 -1 1 -1 24 -1 1 -1 1 -1 1 -1 1 -1 1 -1 1 -1 #SUP: 1024
1 -1 1 -1 1 -1 24 -1 1 -1 1 -1 1 -1 1 -1 1 -1 1 -1 1 -1 #SUP: 900
1 -1 1 -1 1 -1 25 -1 #SUP: 1375
1 -1 1 -1 1 -1 25 -1 1 -1 #SUP: 1004
1 -1 1 -1 1 -1 25 -1 1 -1 1 -1 #SUP: 927
1 -1 1 -1 1 -1 26 -1 #SUP: 1301
1 -1 1 -1 1 -1 26 -1 1 -1 #SUP: 1014
1 -1 1 -1 1 -1 26 -1 1 -1 1 -1 #SUP: 988
1 -1 1 -1 1 -1 26 -1 1 -1 1 -1 1 -1 #SUP: 950
1 -1 1 -1 1 -1 26 -1 1 -1 1 -1 1 -1 1 -1 #SUP: 918
1 -1 1 -1 1 -1 27 -1 #SUP: 2066
1 -1 1 -1 1 -1 27 -1 1 -1 #SUP: 1811
1 -1 1 -1 1 -1 27 -1 1 -1 1 -1 #SUP: 1712
1 -1 1 -1 1 -1 27 -1 1 -1 1 -1 1 -1 #SUP: 1595
1 -1 1 -1 1 -1 27 -1 1 -1 1 -1 1 -1 1 -1 #SUP: 1428
1 -1 1 -1 1 -1 27 -1 1 -1 1 -1 1 -1 1 -1 1 -1 #SUP: 1284
1 -1 1 -1 1 -1 27 -1 1 -1 1 -1 1 -1 1 -1 1 -1 1 -1 #SUP: 1132
1 -1 1 -1 1 -1 27 -1 1 -1 1 -1 1 -1 1 -1 1 -1 1 -1 1 -1 #SUP: 981
1 -1 1 -1 1 -1 28 -1 #SUP: 1112
1 -1 1 -1 1 -1 28 -1 1 -1 #SUP: 1110
1 -1 1 -1 1 -1 28 -1 1 -1 1 -1 #SUP: 1101
1 -1 1 -1 1 -1 28 -1 1 -1 1 -1 1 -1 #SUP: 1074
1 -1 1 -1 1 -1 28 -1 1 -1 1 -1 1 -1 1 -1 #SUP: 1023
1 -1 1 -1 1 -1 28 -1 1 -1 1 -1 1 -1 1 -1 1 -1 #SUP: 953
1 -1 1 -1 1 -1 29 -1 #SUP: 1524
1 -1 1 -1 1 -1 29 -1 1 -1 #SUP: 1447
1 -1 1 -1 1 -1 29 -1 1 -1 1 -1 #SUP: 1392
1 -1 1 -1 1 -1 29 -1 1 -1 1 -1 1 -1 #SUP: 1304
1 -1 1 -1 1 -1 29 -1 1 -1 1 -1 1 -1 1 -1 #SUP: 1207
1 -1 1 -1 1 -1 29 -1 1 -1 1 -1 1 -1 1 -1 1 -1 #SUP: 1091
1 -1 1 -1 1 -1 29 -1 1 -1 1 -1 1 -1 1 -1 1 -1 1 -1 #SUP: 991
1 -1 1 -1 1 -1 30 -1 #SUP: 1708
1 -1 1 -1 1 -1 30 -1 1 -1 #SUP: 1376
1 -1 1 -1 1 -1 30 -1 1 -1 1 -1 #SUP: 1281
1 -1 1 -1 1 -1 30 -1 1 -1 1 -1 1 -1 #SUP: 1174
1 -1 1 -1 1 -1 30 -1 1 -1 1 -1 1 -1 1 -1 #SUP: 1065
1 -1 1 -1 1 -1 30 -1 1 -1 1 -1 1 -1 1 -1 1 -1 #SUP: 968
1 -1 1 -1 1 -1 31 -1 #SUP: 1368
1 -1 1 -1 1 -1 31 -1 1 -1 #SUP: 1226
1 -1 1 -1 1 -1 31 -1 1 -1 1 -1 #SUP: 1168
1 -1 1 -1 1 -1 31 -1 1 -1 1 -1 1 -1 #SUP: 1094
1 -1 1 -1 1 -1 31 -1 1 -1 1 -1 1 -1 1 -1 #SUP: 1014
1 -1 1 -1 1 -1 31 -1 1 -1 1 -1 1 -1 1 -1 1 -1 #SUP: 905
1 -1 1 -1 1 -1 32 -1 #SUP: 1440
1 -1 1 -1 1 -1 32 -1 1 -1 #SUP: 1246
1 -1 1 -1 1 -1 32 -1 1 -1 1 -1 #SUP: 1200
1 -1 1 -1 1 -1 32 -1 1 -1 1 -1 1 -1 #SUP: 1121
1 -1 1 -1 1 -1 32 -1 1 -1 1 -1 1 -1 1 -1 #SUP: 1032
1 -1 1 -1 1 -1 32 -1 1 -1 1 -1 1 -1 1 -1 1 -1 #SUP: 938
1 -1 1 -1 1 -1 33 -1 #SUP: 939
1 -1 1 -1 1 -1 35 -1 #SUP: 1848
1 -1 1 -1 1 -1 35 -1 1 -1 #SUP: 1661
1 -1 1 -1 1 -1 35 -1 1 -1 1 -1 #SUP: 1557
1 -1 1 -1 1 -1 35 -1 1 -1 1 -1 1 -1 #SUP: 1444
1 -1 1 -1 1 -1 35 -1 1 -1 1 -1 1 -1 1 -1 #SUP: 1315
1 -1 1 -1 1 -1 35 -1 1 -1 1 -1 1 -1 1 -1 1 -1 #SUP: 1168
1 -1 1 -1 1 -1 35 -1 1 -1 1 -1 1 -1 1 -1 1 -1 1 -1 #SUP: 1026
1 -1 1 -1 1 -1 36 -1 #SUP: 1596
1 -1 1 -1 1 -1 36 -1 1 -1 #SUP: 1500
1 -1 1 -1 1 -1 36 -1 1 -1 1 -1 #SUP: 1453
1 -1 1 -1 1 -1 36 -1 1 -1 1 -1 1 -1 #SUP: 1398
1 -1 1 -1 1 -1 36 -1 1 -1 1 -1 1 -1 1 -1 #SUP: 1323
1 -1 1 -1 1 -1 36 -1 1 -1 1 -1 1 -1 1 -1 1 -1 #SUP: 1240
1 -1 1 -1 1 -1 36 -1 1 -1 1 -1 1 -1 1 -1 1 -1 1 -1 #SUP: 1140
1 -1 1 -1 1 -1 36 -1 1 -1 1 -1 1 -1 1 -1 1 -1 1 -1 1 -1 #SUP: 1031
1 -1 1 -1 1 -1 36 -1 1 -1 1 -1 1 -1 1 -1 1 -1 1 -1 1 -1 1 -1 #SUP: 909
1 -1 1 -1 1 -1 39 -1 #SUP: 1916
1 -1 1 -1 1 -1 39 -1 1 -1 #SUP: 1654
1 -1 1 -1 1 -1 39 -1 1 -1 1 -1 #SUP: 1536
1 -1 1 -1 1 -1 39 -1 1 -1 1 -1 1 -1 #SUP: 1423
1 -1 1 -1 1 -1 39 -1 1 -1 1 -1 1 -1 1 -1 #SUP: 1273
1 -1 1 -1 1 -1 39 -1 1 -1 1 -1 1 -1 1 -1 1 -1 #SUP: 1123
1 -1 1 -1 1 -1 39 -1 1 -1 1 -1 1 -1 1 -1 1 -1 1 -1 #SUP: 1000
1 -1 1 -1 1 -1 40 -1 #SUP: 1448
1 -1 1 -1 1 -1 40 -1 1 -1 #SUP: 1254
1 -1 1 -1 1 -1 40 -1 1 -1 1 -1 #SUP: 1221
1 -1 1 -1 1 -1 40 -1 1 -1 1 -1 1 -1 #SUP: 1174
1 -1 1 -1 1 -1 40 -1 1 -1 1 -1 1 -1 1 -1 #SUP: 1124
1 -1 1 -1 1 -1 40 -1 1 -1 1 -1 1 -1 1 -1 1 -1 #SUP: 1059
1 -1 1 -1 1 -1 40 -1 1 -1 1 -1 1 -1 1 -1 1 -1 1 -1 #SUP: 983
1 -1 1 -1 1 -1 41 -1 #SUP: 1146
1 -1 1 -1 1 -1 41 -1 1 -1 #SUP: 1035
1 -1 1 -1 1 -1 41 -1 1 -1 1 -1 #SUP: 1002
1 -1 1 -1 1 -1 41 -1 1 -1 1 -1 1 -1 #SUP: 952
1 -1 1 -1 1 -1 42 -1 #SUP: 1597
1 -1 1 -1 1 -1 42 -1 1 -1 #SUP: 1391
1 -1 1 -1 1 -1 42 -1 1 -1 1 -1 #SUP: 1291
1 -1 1 -1 1 -1 42 -1 1 -1 1 -1 1 -1 #SUP: 1176
1 -1 1 -1 1 -1 42 -1 1 -1 1 -1 1 -1 1 -1 #SUP: 1048
1 -1 1 -1 1 -1 42 -1 1 -1 1 -1 1 -1 1 -1 1 -1 #SUP: 932
1 -1 1 -1 1 -1 42 -1 43 -1 #SUP: 954
1 -1 1 -1 1 -1 43 -1 #SUP: 2174
1 -1 1 -1 1 -1 43 -1 1 -1 #SUP: 1646
1 -1 1 -1 1 -1 43 -1 1 -1 1 -1 #SUP: 1470
1 -1 1 -1 1 -1 43 -1 1 -1 1 -1 1 -1 #SUP: 1314
1 -1 1 -1 1 -1 43 -1 1 -1 1 -1 1 -1 1 -1 #SUP: 1172
1 -1 1 -1 1 -1 43 -1 1 -1 1 -1 1 -1 1 -1 1 -1 #SUP: 1015
1 -1 1 -1 1 -1 44 -1 #SUP: 1566
1 -1 1 -1 1 -1 44 -1 1 -1 #SUP: 1416
1 -1 1 -1 1 -1 44 -1 1 -1 1 -1 #SUP: 1367
1 -1 1 -1 1 -1 44 -1 1 -1 1 -1 1 -1 #SUP: 1282
1 -1 1 -1 1 -1 44 -1 1 -1 1 -1 1 -1 1 -1 #SUP: 1192
1 -1 1 -1 1 -1 44 -1 1 -1 1 -1 1 -1 1 -1 1 -1 #SUP: 1082
1 -1 1 -1 1 -1 44 -1 1 -1 1 -1 1 -1 1 -1 1 -1 1 -1 #SUP: 951
1 -1 1 -1 1 -1 47 -1 #SUP: 1703
1 -1 1 -1 1 -1 47 -1 1 -1 #SUP: 1519
1 -1 1 -1 1 -1 47 -1 1 -1 1 -1 #SUP: 1458
1 -1 1 -1 1 -1 47 -1 1 -1 1 -1 1 -1 #SUP: 1410
1 -1 1 -1 1 -1 47 -1 1 -1 1 -1 1 -1 1 -1 #SUP: 1337
1 -1 1 -1 1 -1 47 -1 1 -1 1 -1 1 -1 1 -1 1 -1 #SUP: 1257
1 -1 1 -1 1 -1 47 -1 1 -1 1 -1 1 -1 1 -1 1 -1 1 -1 #SUP: 1164
1 -1 1 -1 1 -1 47 -1 1 -1 1 -1 1 -1 1 -1 1 -1 1 -1 1 -1 #SUP: 1033
1 -1 1 -1 1 -1 47 -1 1 -1 1 -1 1 -1 1 -1 1 -1 1 -1 1 -1 1 -1 #SUP: 904
1 -1 1 -1 1 -1 48 -1 #SUP: 1276
1 -1 1 -1 1 -1 48 -1 1 -1 #SUP: 1115
1 -1 1 -1 1 -1 48 -1 1 -1 1 -1 #SUP: 1028
1 -1 1 -1 1 -1 48 -1 1 -1 1 -1 1 -1 #SUP: 927
1 -1 1 -1 1 -1 49 -1 #SUP: 1212
1 -1 1 -1 1 -1 49 -1 1 -1 #SUP: 1097
1 -1 1 -1 1 -1 49 -1 1 -1 1 -1 #SUP: 1042
1 -1 1 -1 1 -1 49 -1 1 -1 1 -1 1 -1 #SUP: 964
1 -1 1 -1 1 -1 50 -1 #SUP: 1204
1 -1 1 -1 1 -1 50 -1 1 -1 #SUP: 1064
1 -1 1 -1 1 -1 50 -1 1 -1 1 -1 #SUP: 1013
1 -1 1 -1 1 -1 50 -1 1 -1 1 -1 1 -1 #SUP: 958
1 -1 1 -1 1 -1 50 -1 1 -1 1 -1 1 -1 1 -1 #SUP: 910
1 -1 1 -1 2 -1 #SUP: 1327
1 -1 1 -1 2 -1 1 -1 #SUP: 1167
1 -1 1 -1 2 -1 1 -1 1 -1 #SUP: 1112
1 -1 1 -1 2 -1 1 -1 1 -1 1 -1 #SUP: 1073
1 -1 1 -1 2 -1 1 -1 1 -1 1 -1 1 -1 #SUP: 1009
1 -1 1 -1 2 -1 1 -1 1 -1 1 -1 1 -1 1 -1 #SUP: 947
1 -1 1 -1 3 -1 #SUP: 1521
1 -1 1 -1 3 -1 1 -1 #SUP: 1290
1 -1 1 -1 3 -1 1 -1 1 -1 #SUP: 1214
1 -1 1 -1 3 -1 1 -1 1 -1 1 -1 #SUP: 1130
1 -1 1 -1 3 -1 1 -1 1 -1 1 -1 1 -1 #SUP: 1058
1 -1 1 -1 3 -1 1 -1 1 -1 1 -1 1 -1 1 -1 #SUP: 963
1 -1 1 -1 4 -1 #SUP: 1611
1 -1 1 -1 4 -1 1 -1 #SUP: 1502
1 -1 1 -1 4 -1 1 -1 1 -1 #SUP: 1452
1 -1 1 -1 4 -1 1 -1 1 -1 1 -1 #SUP: 1397
1 -1 1 -1 4 -1 1 -1 1 -1 1 -1 1 -1 #SUP: 1345
1 -1 1 -1 4 -1 1 -1 1 -1 1 -1 1 -1 1 -1 #SUP: 1270
1 -1 1 -1 4 -1 1 -1 1 -1 1 -1 1 -1 1 -1 1 -1 #SUP: 1178
1 -1 1 -1 4 -1 1 -1 1 -1 1 -1 1 -1 1 -1 1 -1 1 -1 #SUP: 1085
1 -1 1 -1 4 -1 1 -1 1 -1 1 -1 1 -1 1 -1 1 -1 1 -1 1 -1 #SUP: 965
1 -1 1 -1 6 -1 #SUP: 1328
1 -1 1 -1 6 -1 1 -1 #SUP: 1177
1 -1 1 -1 6 -1 1 -1 1 -1 #SUP: 1122
1 -1 1 -1 6 -1 1 -1 1 -1 1 -1 #SUP: 1044
1 -1 1 -1 6 -1 1 -1 1 -1 1 -1 1 -1 #SUP: 965
1 -1 1 -1 7 -1 #SUP: 1311
1 -1 1 -1 7 -1 1 -1 #SUP: 1185
1 -1 1 -1 7 -1 1 -1 1 -1 #SUP: 1136
1 -1 1 -1 7 -1 1 -1 1 -1 1 -1 #SUP: 1083
1 -1 1 -1 7 -1 1 -1 1 -1 1 -1 1 -1 #SUP: 1012
1 -1 1 -1 7 -1 1 -1 1 -1 1 -1 1 -1 1 -1 #SUP: 940
1 -1 1 -1 8 -1 #SUP: 2134
1 -1 1 -1 8 -1 1 -1 #SUP: 1979
1 -1 1 -1 8 -1 1 -1 1 -1 #SUP: 1925
1 -1 1 -1 8 -1 1 -1 1 -1 1 -1 #SUP: 1845
1 -1 1 -1 8 -1 1 -1 1 -1 1 -1 1 -1 #SUP: 1746
1 -1 1 -1 8 -1 1 -1 1 -1 1 -1 1 -1 1 -1 #SUP: 1609
1 -1 1 -1 8 -1 1 -1 1 -1 1 -1 1 -1 1 -1 1 -1 #SUP: 1463
1 -1 1 -1 8 -1 1 -1 1 -1 1 -1 1 -1 1 -1 1 -1 1 -1 #SUP: 1299
1 -1 1 -1 8 -1 1 -1 1 -1 1 -1 1 -1 1 -1 1 -1 1 -1 1 -1 #SUP: 1131
1 -1 1 -1 8 -1 1 -1 1 -1 1 -1 1 -1 1 -1 1 -1 1 -1 1 -1 1 -1 #SUP: 950
1 -1 1 -1 10 -1 #SUP: 1168
1 -1 1 -1 11 -1 #SUP: 1170
1 -1 1 -1 11 -1 1 -1 #SUP: 1118
1 -1 1 -1 11 -1 1 -1 1 -1 #SUP: 1078
1 -1 1 -1 11 -1 1 -1 1 -1 1 -1 #SUP: 1032
1 -1 1 -1 11 -1 1 -1 1 -1 1 -1 1 -1 #SUP: 975
1 -1 1 -1 12 -1 #SUP: 1025
1 -1 1 -1 13 -1 #SUP: 1311
1 -1 1 -1 13 -1 1 -1 #SUP: 1243
1 -1 1 -1 13 -1 1 -1 1 -1 #SUP: 1197
1 -1 1 -1 13 -1 1 -1 1 -1 1 -1 #SUP: 1152
1 -1 1 -1 13 -1 1 -1 1 -1 1 -1 1 -1 #SUP: 1087
1 -1 1 -1 13 -1 1 -1 1 -1 1 -1 1 -1 1 -1 #SUP: 1008
1 -1 1 -1 13 -1 1 -1 1 -1 1 -1 1 -1 1 -1 1 -1 #SUP: 918
1 -1 1 -1 14 -1 #SUP: 2135
1 -1 1 -1 14 -1 1 -1 #SUP: 1733
1 -1 1 -1 14 -1 1 -1 1 -1 #SUP: 1587
1 -1 1 -1 14 -1 1 -1 1 -1 1 -1 #SUP: 1452
1 -1 1 -1 14 -1 1 -1 1 -1 1 -1 1 -1 #SUP: 1325
1 -1 1 -1 14 -1 1 -1 1 -1 1 -1 1 -1 1 -1 #SUP: 1183
1 -1 1 -1 14 -1 1 -1 1 -1 1 -1 1 -1 1 -1 1 -1 #SUP: 1070
1 -1 1 -1 14 -1 1 -1 1 -1 1 -1 1 -1 1 -1 1 -1 1 -1 #SUP: 960
1 -1 1 -1 15 -1 #SUP: 1183
1 -1 1 -1 15 -1 1 -1 #SUP: 1128
1 -1 1 -1 15 -1 1 -1 1 -1 #SUP: 1093
1 -1 1 -1 15 -1 1 -1 1 -1 1 -1 #SUP: 1033
1 -1 1 -1 15 -1 1 -1 1 -1 1 -1 1 -1 #SUP: 953
1 -1 1 -1 16 -1 #SUP: 1715
1 -1 1 -1 16 -1 1 -1 #SUP: 1378
1 -1 1 -1 16 -1 1 -1 1 -1 #SUP: 1308
1 -1 1 -1 16 -1 1 -1 1 -1 1 -1 #SUP: 1234
1 -1 1 -1 16 -1 1 -1 1 -1 1 -1 1 -1 #SUP: 1138
1 -1 1 -1 16 -1 1 -1 1 -1 1 -1 1 -1 1 -1 #SUP: 1050
1 -1 1 -1 16 -1 1 -1 1 -1 1 -1 1 -1 1 -1 1 -1 #SUP: 965
1 -1 1 -1 19 -1 #SUP: 1735
1 -1 1 -1 19 -1 1 -1 #SUP: 1520
1 -1 1 -1 19 -1 1 -1 1 -1 #SUP: 1458
1 -1 1 -1 19 -1 1 -1 1 -1 1 -1 #SUP: 1391
1 -1 1 -1 19 -1 1 -1 1 -1 1 -1 1 -1 #SUP: 1311
1 -1 1 -1 19 -1 1 -1 1 -1 1 -1 1 -1 1 -1 #SUP: 1218
1 -1 1 -1 19 -1 1 -1 1 -1 1 -1 1 -1 1 -1 1 -1 #SUP: 1123
1 -1 1 -1 19 -1 1 -1 1 -1 1 -1 1 -1 1 -1 1 -1 1 -1 #SUP: 993
1 -1 1 -1 20 -1 #SUP: 1354
1 -1 1 -1 20 -1 1 -1 #SUP: 1193
1 -1 1 -1 20 -1 1 -1 1 -1 #SUP: 1127
1 -1 1 -1 20 -1 1 -1 1 -1 1 -1 #SUP: 1034
1 -1 1 -1 20 -1 1 -1 1 -1 1 -1 1 -1 #SUP: 940
1 -1 1 -1 21 -1 #SUP: 1015
1 -1 1 -1 23 -1 #SUP: 1268
1 -1 1 -1 23 -1 1 -1 #SUP: 1043
1 -1 1 -1 23 -1 1 -1 1 -1 #SUP: 992
1 -1 1 -1 23 -1 1 -1 1 -1 1 -1 #SUP: 930
1 -1 1 -1 24 -1 #SUP: 2140
1 -1 1 -1 24 -1 1 -1 #SUP: 1720
1 -1 1 -1 24 -1 1 -1 1 -1 #SUP: 1621
1 -1 1 -1 24 -1 1 -1 1 -1 1 -1 #SUP: 1498
1 -1 1 -1 24 -1 1 -1 1 -1 1 -1 1 -1 #SUP: 1371
1 -1 1 -1 24 -1 1 -1 1 -1 1 -1 1 -1 1 -1 #SUP: 1240
1 -1 1 -1 24 -1 1 -1 1 -1 1 -1 1 -1 1 -1 1 -1 #SUP: 1103
1 -1 1 -1 24 -1 1 -1 1 -1 1 -1 1 -1 1 -1 1 -1 1 -1 #SUP: 979
1 -1 1 -1 25 -1 #SUP: 1411
1 -1 1 -1 25 -1 1 -1 #SUP: 1040
1 -1 1 -1 25 -1 1 -1 1 -1 #SUP: 963
1 -1 1 -1 25 -1 1 -1 1 -1 1 -1 #SUP: 905
1 -1 1 -1 26 -1 #SUP: 1426
1 -1 1 -1 26 -1 1 -1 #SUP: 1139
1 -1 1 -1 26 -1 1 -1 1 -1 #SUP: 1113
1 -1 1 -1 26 -1 1 -1 1 -1 1 -1 #SUP: 1077
1 -1 1 -1 26 -1 1 -1 1 -1 1 -1 1 -1 #SUP: 1045
1 -1 1 -1 26 -1 1 -1 1 -1 1 -1 1 -1 1 -1 #SUP: 1011
1 -1 1 -1 26 -1 1 -1 1 -1 1 -1 1 -1 1 -1 1 -1 #SUP: 970
1 -1 1 -1 26 -1 1 -1 1 -1 1 -1 1 -1 1 -1 1 -1 1 -1 #SUP: 915
1 -1 1 -1 27 -1 #SUP: 2131
1 -1 1 -1 27 -1 1 -1 #SUP: 1876
1 -1 1 -1 27 -1 1 -1 1 -1 #SUP: 1777
1 -1 1 -1 27 -1 1 -1 1 -1 1 -1 #SUP: 1660
1 -1 1 -1 27 -1 1 -1 1 -1 1 -1 1 -1 #SUP: 1493
1 -1 1 -1 27 -1 1 -1 1 -1 1 -1 1 -1 1 -1 #SUP: 1349
1 -1 1 -1 27 -1 1 -1 1 -1 1 -1 1 -1 1 -1 1 -1 #SUP: 1197
1 -1 1 -1 27 -1 1 -1 1 -1 1 -1 1 -1 1 -1 1 -1 1 -1 #SUP: 1046
1 -1 1 -1 28 -1 #SUP: 1162
1 -1 1 -1 28 -1 1 -1 #SUP: 1160
1 -1 1 -1 28 -1 1 -1 1 -1 #SUP: 1151
1 -1 1 -1 28 -1 1 -1 1 -1 1 -1 #SUP: 1124
1 -1 1 -1 28 -1 1 -1 1 -1 1 -1 1 -1 #SUP: 1073
1 -1 1 -1 28 -1 1 -1 1 -1 1 -1 1 -1 1 -1 #SUP: 1003
1 -1 1 -1 28 -1 1 -1 1 -1 1 -1 1 -1 1 -1 1 -1 #SUP: 906
1 -1 1 -1 29 -1 #SUP: 1570
1 -1 1 -1 29 -1 1 -1 #SUP: 1493
1 -1 1 -1 29 -1 1 -1 1 -1 #SUP: 1438
1 -1 1 -1 29 -1 1 -1 1 -1 1 -1 #SUP: 1350
1 -1 1 -1 29 -1 1 -1 1 -1 1 -1 1 -1 #SUP: 1253
1 -1 1 -1 29 -1 1 -1 1 -1 1 -1 1 -1 1 -1 #SUP: 1137
1 -1 1 -1 29 -1 1 -1 1 -1 1 -1 1 -1 1 -1 1 -1 #SUP: 1037
1 -1 1 -1 29 -1 1 -1 1 -1 1 -1 1 -1 1 -1 1 -1 1 -1 #SUP: 926
1 -1 1 -1 30 -1 #SUP: 1753
1 -1 1 -1 30 -1 1 -1 #SUP: 1421
1 -1 1 -1 30 -1 1 -1 1 -1 #SUP: 1326
1 -1 1 -1 30 -1 1 -1 1 -1 1 -1 #SUP: 1219
1 -1 1 -1 30 -1 1 -1 1 -1 1 -1 1 -1 #SUP: 1110
1 -1 1 -1 30 -1 1 -1 1 -1 1 -1 1 -1 1 -1 #SUP: 1013
1 -1 1 -1 30 -1 1 -1 1 -1 1 -1 1 -1 1 -1 1 -1 #SUP: 909
1 -1 1 -1 31 -1 #SUP: 1383
1 -1 1 -1 31 -1 1 -1 #SUP: 1241
1 -1 1 -1 31 -1 1 -1 1 -1 #SUP: 1183
1 -1 1 -1 31 -1 1 -1 1 -1 1 -1 #SUP: 1109
1 -1 1 -1 31 -1 1 -1 1 -1 1 -1 1 -1 #SUP: 1029
1 -1 1 -1 31 -1 1 -1 1 -1 1 -1 1 -1 1 -1 #SUP: 920
1 -1 1 -1 32 -1 #SUP: 1503
1 -1 1 -1 32 -1 1 -1 #SUP: 1309
1 -1 1 -1 32 -1 1 -1 1 -1 #SUP: 1263
1 -1 1 -1 32 -1 1 -1 1 -1 1 -1 #SUP: 1184
1 -1 1 -1 32 -1 1 -1 1 -1 1 -1 1 -1 #SUP: 1095
1 -1 1 -1 32 -1 1 -1 1 -1 1 -1 1 -1 1 -1 #SUP: 1001
1 -1 1 -1 32 -1 1 -1 1 -1 1 -1 1 -1 1 -1 1 -1 #SUP: 908
1 -1 1 -1 33 -1 #SUP: 978
1 -1 1 -1 35 -1 #SUP: 1927
1 -1 1 -1 35 -1 1 -1 #SUP: 1740
1 -1 1 -1 35 -1 1 -1 1 -1 #SUP: 1636
1 -1 1 -1 35 -1 1 -1 1 -1 1 -1 #SUP: 1523
1 -1 1 -1 35 -1 1 -1 1 -1 1 -1 1 -1 #SUP: 1394
1 -1 1 -1 35 -1 1 -1 1 -1 1 -1 1 -1 1 -1 #SUP: 1246
1 -1 1 -1 35 -1 1 -1 1 -1 1 -1 1 -1 1 -1 1 -1 #SUP: 1104
1 -1 1 -1 35 -1 1 -1 1 -1 1 -1 1 -1 1 -1 1 -1 1 -1 #SUP: 973
1 -1 1 -1 36 -1 #SUP: 1697
1 -1 1 -1 36 -1 1 -1 #SUP: 1601
1 -1 1 -1 36 -1 1 -1 1 -1 #SUP: 1554
1 -1 1 -1 36 -1 1 -1 1 -1 1 -1 #SUP: 1499
1 -1 1 -1 36 -1 1 -1 1 -1 1 -1 1 -1 #SUP: 1424
1 -1 1 -1 36 -1 1 -1 1 -1 1 -1 1 -1 1 -1 #SUP: 1341
1 -1 1 -1 36 -1 1 -1 1 -1 1 -1 1 -1 1 -1 1 -1 #SUP: 1241
1 -1 1 -1 36 -1 1 -1 1 -1 1 -1 1 -1 1 -1 1 -1 1 -1 #SUP: 1132
1 -1 1 -1 36 -1 1 -1 1 -1 1 -1 1 -1 1 -1 1 -1 1 -1 1 -1 #SUP: 1009
1 -1 1 -1 39 -1 #SUP: 1984
1 -1 1 -1 39 -1 1 -1 #SUP: 1722
1 -1 1 -1 39 -1 1 -1 1 -1 #SUP: 1604
1 -1 1 -1 39 -1 1 -1 1 -1 1 -1 #SUP: 1491
1 -1 1 -1 39 -1 1 -1 1 -1 1 -1 1 -1 #SUP: 1341
1 -1 1 -1 39 -1 1 -1 1 -1 1 -1 1 -1 1 -1 #SUP: 1191
1 -1 1 -1 39 -1 1 -1 1 -1 1 -1 1 -1 1 -1 1 -1 #SUP: 1068
1 -1 1 -1 39 -1 1 -1 1 -1 1 -1 1 -1 1 -1 1 -1 1 -1 #SUP: 939
1 -1 1 -1 40 -1 #SUP: 1516
1 -1 1 -1 40 -1 1 -1 #SUP: 1322
1 -1 1 -1 40 -1 1 -1 1 -1 #SUP: 1289
1 -1 1 -1 40 -1 1 -1 1 -1 1 -1 #SUP: 1242
1 -1 1 -1 40 -1 1 -1 1 -1 1 -1 1 -1 #SUP: 1192
1 -1 1 -1 40 -1 1 -1 1 -1 1 -1 1 -1 1 -1 #SUP: 1127
1 -1 1 -1 40 -1 1 -1 1 -1 1 -1 1 -1 1 -1 1 -1 #SUP: 1051
1 -1 1 -1 40 -1 1 -1 1 -1 1 -1 1 -1 1 -1 1 -1 1 -1 #SUP: 965
1 -1 1 -1 41 -1 #SUP: 1187
1 -1 1 -1 41 -1 1 -1 #SUP: 1076
1 -1 1 -1 41 -1 1 -1 1 -1 #SUP: 1043
1 -1 1 -1 41 -1 1 -1 1 -1 1 -1 #SUP: 993
1 -1 1 -1 41 -1 1 -1 1 -1 1 -1 1 -1 #SUP: 938
1 -1 1 -1 42 -1 #SUP: 1676
1 -1 1 -1 42 -1 1 -1 #SUP: 1470
1 -1 1 -1 42 -1 1 -1 1 -1 #SUP: 1370
1 -1 1 -1 42 -1 1 -1 1 -1 1 -1 #SUP: 1255
1 -1 1 -1 42 -1 1 -1 1 -1 1 -1 1 -1 #SUP: 1127
1 -1 1 -1 42 -1 1 -1 1 -1 1 -1 1 -1 1 -1 #SUP: 1010
1 -1 1 -1 42 -1 43 -1 #SUP: 989
1 -1 1 -1 43 -1 #SUP: 2246
1 -1 1 -1 43 -1 1 -1 #SUP: 1721
1 -1 1 -1 43 -1 1 -1 1 -1 #SUP: 1548
1 -1 1 -1 43 -1 1 -1 1 -1 1 -1 #SUP: 1395
1 -1 1 -1 43 -1 1 -1 1 -1 1 -1 1 -1 #SUP: 1258
1 -1 1 -1 43 -1 1 -1 1 -1 1 -1 1 -1 1 -1 #SUP: 1104
1 -1 1 -1 43 -1 1 -1 1 -1 1 -1 1 -1 1 -1 1 -1 #SUP: 965
1 -1 1 -1 44 -1 #SUP: 1590
1 -1 1 -1 44 -1 1 -1 #SUP: 1440
1 -1 1 -1 44 -1 1 -1 1 -1 #SUP: 1391
1 -1 1 -1 44 -1 1 -1 1 -1 1 -1 #SUP: 1306
1 -1 1 -1 44 -1 1 -1 1 -1 1 -1 1 -1 #SUP: 1216
1 -1 1 -1 44 -1 1 -1 1 -1 1 -1 1 -1 1 -1 #SUP: 1108
1 -1 1 -1 44 -1 1 -1 1 -1 1 -1 1 -1 1 -1 1 -1 #SUP: 978
1 -1 1 -1 46 -1 #SUP: 901
1 -1 1 -1 47 -1 #SUP: 1777
1 -1 1 -1 47 -1 1 -1 #SUP: 1593
1 -1 1 -1 47 -1 1 -1 1 -1 #SUP: 1532
1 -1 1 -1 47 -1 1 -1 1 -1 1 -1 #SUP: 1484
1 -1 1 -1 47 -1 1 -1 1 -1 1 -1 1 -1 #SUP: 1411
1 -1 1 -1 47 -1 1 -1 1 -1 1 -1 1 -1 1 -1 #SUP: 1331
1 -1 1 -1 47 -1 1 -1 1 -1 1 -1 1 -1 1 -1 1 -1 #SUP: 1238
1 -1 1 -1 47 -1 1 -1 1 -1 1 -1 1 -1 1 -1 1 -1 1 -1 #SUP: 1107
1 -1 1 -1 47 -1 1 -1 1 -1 1 -1 1 -1 1 -1 1 -1 1 -1 1 -1 #SUP: 978
1 -1 1 -1 48 -1 #SUP: 1317
1 -1 1 -1 48 -1 1 -1 #SUP: 1156
1 -1 1 -1 48 -1 1 -1 1 -1 #SUP: 1069
1 -1 1 -1 48 -1 1 -1 1 -1 1 -1 #SUP: 968
1 -1 1 -1 49 -1 #SUP: 1258
1 -1 1 -1 49 -1 1 -1 #SUP: 1143
1 -1 1 -1 49 -1 1 -1 1 -1 #SUP: 1088
1 -1 1 -1 49 -1 1 -1 1 -1 1 -1 #SUP: 1010
1 -1 1 -1 49 -1 1 -1 1 -1 1 -1 1 -1 #SUP: 911
1 -1 1 -1 50 -1 #SUP: 1287
1 -1 1 -1 50 -1 1 -1 #SUP: 1147
1 -1 1 -1 50 -1 1 -1 1 -1 #SUP: 1096
1 -1 1 -1 50 -1 1 -1 1 -1 1 -1 #SUP: 1041
1 -1 1 -1 50 -1 1 -1 1 -1 1 -1 1 -1 #SUP: 993
1 -1 1 -1 50 -1 1 -1 1 -1 1 -1 1 -1 1 -1 #SUP: 932
1 -1 2 -1 #SUP: 1373
1 -1 2 -1 1 -1 #SUP: 1213
1 -1 2 -1 1 -1 1 -1 #SUP: 1158
1 -1 2 -1 1 -1 1 -1 1 -1 #SUP: 1119
1 -1 2 -1 1 -1 1 -1 1 -1 1 -1 #SUP: 1055
1 -1 2 -1 1 -1 1 -1 1 -1 1 -1 1 -1 #SUP: 993
1 -1 2 -1 1 -1 1 -1 1 -1 1 -1 1 -1 1 -1 #SUP: 921
1 -1 3 -1 #SUP: 1563
1 -1 3 -1 1 -1 #SUP: 1332
1 -1 3 -1 1 -1 1 -1 #SUP: 1256
1 -1 3 -1 1 -1 1 -1 1 -1 #SUP: 1172
1 -1 3 -1 1 -1 1 -1 1 -1 1 -1 #SUP: 1100
1 -1 3 -1 1 -1 1 -1 1 -1 1 -1 1 -1 #SUP: 1005
1 -1 3 -1 1 -1 1 -1 1 -1 1 -1 1 -1 1 -1 #SUP: 936
1 -1 4 -1 #SUP: 1700
1 -1 4 -1 1 -1 #SUP: 1591
1 -1 4 -1 1 -1 1 -1 #SUP: 1541
1 -1 4 -1 1 -1 1 -1 1 -1 #SUP: 1486
1 -1 4 -1 1 -1 1 -1 1 -1 1 -1 #SUP: 1434
1 -1 4 -1 1 -1 1 -1 1 -1 1 -1 1 -1 #SUP: 1359
1 -1 4 -1 1 -1 1 -1 1 -1 1 -1 1 -1 1 -1 #SUP: 1267
1 -1 4 -1 1 -1 1 -1 1 -1 1 -1 1 -1 1 -1 1 -1 #SUP: 1174
1 -1 4 -1 1 -1 1 -1 1 -1 1 -1 1 -1 1 -1 1 -1 1 -1 #SUP: 1054
1 -1 4 -1 1 -1 1 -1 1 -1 1 -1 1 -1 1 -1 1 -1 1 -1 1 -1 #SUP: 946
1 -1 6 -1 #SUP: 1365
1 -1 6 -1 1 -1 #SUP: 1214
1 -1 6 -1 1 -1 1 -1 #SUP: 1159
1 -1 6 -1 1 -1 1 -1 1 -1 #SUP: 1081
1 -1 6 -1 1 -1 1 -1 1 -1 1 -1 #SUP: 1002
1 -1 6 -1 1 -1 1 -1 1 -1 1 -1 1 -1 #SUP: 931
1 -1 7 -1 #SUP: 1370
1 -1 7 -1 1 -1 #SUP: 1244
1 -1 7 -1 1 -1 1 -1 #SUP: 1195
1 -1 7 -1 1 -1 1 -1 1 -1 #SUP: 1142
1 -1 7 -1 1 -1 1 -1 1 -1 1 -1 #SUP: 1071
1 -1 7 -1 1 -1 1 -1 1 -1 1 -1 1 -1 #SUP: 999
1 -1 7 -1 1 -1 1 -1 1 -1 1 -1 1 -1 1 -1 #SUP: 926
1 -1 8 -1 #SUP: 2177
1 -1 8 -1 1 -1 #SUP: 2022
1 -1 8 -1 1 -1 1 -1 #SUP: 1969
1 -1 8 -1 1 -1 1 -1 1 -1 #SUP: 1889
1 -1 8 -1 1 -1 1 -1 1 -1 1 -1 #SUP: 1790
1 -1 8 -1 1 -1 1 -1 1 -1 1 -1 1 -1 #SUP: 1653
1 -1 8 -1 1 -1 1 -1 1 -1 1 -1 1 -1 1 -1 #SUP: 1507
1 -1 8 -1 1 -1 1 -1 1 -1 1 -1 1 -1 1 -1 1 -1 #SUP: 1343
1 -1 8 -1 1 -1 1 -1 1 -1 1 -1 1 -1 1 -1 1 -1 1 -1 #SUP: 1176
1 -1 8 -1 1 -1 1 -1 1 -1 1 -1 1 -1 1 -1 1 -1 1 -1 1 -1 #SUP: 994
1 -1 10 -1 #SUP: 1174
1 -1 10 -1 1 -1 #SUP: 900
1 -1 11 -1 #SUP: 1193
1 -1 11 -1 1 -1 #SUP: 1141
1 -1 11 -1 1 -1 1 -1 #SUP: 1101
1 -1 11 -1 1 -1 1 -1 1 -1 #SUP: 1055
1 -1 11 -1 1 -1 1 -1 1 -1 1 -1 #SUP: 998
1 -1 11 -1 1 -1 1 -1 1 -1 1 -1 1 -1 #SUP: 917
1 -1 12 -1 #SUP: 1026
1 -1 13 -1 #SUP: 1361
1 -1 13 -1 1 -1 #SUP: 1293
1 -1 13 -1 1 -1 1 -1 #SUP: 1247
1 -1 13 -1 1 -1 1 -1 1 -1 #SUP: 1202
1 -1 13 -1 1 -1 1 -1 1 -1 1 -1 #SUP: 1137
1 -1 13 -1 1 -1 1 -1 1 -1 1 -1 1 -1 #SUP: 1058
1 -1 13 -1 1 -1 1 -1 1 -1 1 -1 1 -1 1 -1 #SUP: 968
1 -1 14 -1 #SUP: 2199
1 -1 14 -1 1 -1 #SUP: 1797
1 -1 14 -1 1 -1 1 -1 #SUP: 1651
1 -1 14 -1 1 -1 1 -1 1 -1 #SUP: 1516
1 -1 14 -1 1 -1 1 -1 1 -1 1 -1 #SUP: 1389
1 -1 14 -1 1 -1 1 -1 1 -1 1 -1 1 -1 #SUP: 1247
1 -1 14 -1 1 -1 1 -1 1 -1 1 -1 1 -1 1 -1 #SUP: 1134
1 -1 14 -1 1 -1 1 -1 1 -1 1 -1 1 -1 1 -1 1 -1 #SUP: 1025
1 -1 14 -1 1 -1 1 -1 1 -1 1 -1 1 -1 1 -1 1 -1 1 -1 #SUP: 919
1 -1 15 -1 #SUP: 1204
1 -1 15 -1 1 -1 #SUP: 1149
1 -1 15 -1 1 -1 1 -1 #SUP: 1114
1 -1 15 -1 1 -1 1 -1 1 -1 #SUP: 1054
1 -1 15 -1 1 -1 1 -1 1 -1 1 -1 #SUP: 974
1 -1 16 -1 #SUP: 1767
1 -1 16 -1 1 -1 #SUP: 1430
1 -1 16 -1 1 -1 1 -1 #SUP: 1360
1 -1 16 -1 1 -1 1 -1 1 -1 #SUP: 1286
1 -1 16 -1 1 -1 1 -1 1 -1 1 -1 #SUP: 1190
1 -1 16 -1 1 -1 1 -1 1 -1 1 -1 1 -1 #SUP: 1102
1 -1 16 -1 1 -1 1 -1 1 -1 1 -1 1 -1 1 -1 #SUP: 1018
1 -1 16 -1 1 -1 1 -1 1 -1 1 -1 1 -1 1 -1 1 -1 #SUP: 914
1 -1 19 -1 #SUP: 1763
1 -1 19 -1 1 -1 #SUP: 1548
1 -1 19 -1 1 -1 1 -1 #SUP: 1486
1 -1 19 -1 1 -1 1 -1 1 -1 #SUP: 1419
1 -1 19 -1 1 -1 1 -1 1 -1 1 -1 #SUP: 1339
1 -1 19 -1 1 -1 1 -1 1 -1 1 -1 1 -1 #SUP: 1246
1 -1 19 -1 1 -1 1 -1 1 -1 1 -1 1 -1 1 -1 #SUP: 1151
1 -1 19 -1 1 -1 1 -1 1 -1 1 -1 1 -1 1 -1 1 -1 #SUP: 1021
1 -1 19 -1 1 -1 1 -1 1 -1 1 -1 1 -1 1 -1 1 -1 1 -1 #SUP: 917
1 -1 20 -1 #SUP: 1378
1 -1 20 -1 1 -1 #SUP: 1217
1 -1 20 -1 1 -1 1 -1 #SUP: 1151
1 -1 20 -1 1 -1 1 -1 1 -1 #SUP: 1058
1 -1 20 -1 1 -1 1 -1 1 -1 1 -1 #SUP: 964
1 -1 21 -1 #SUP: 1023
1 -1 22 -1 #SUP: 938
1 -1 23 -1 #SUP: 1325
1 -1 23 -1 1 -1 #SUP: 1100
1 -1 23 -1 1 -1 1 -1 #SUP: 1049
1 -1 23 -1 1 -1 1 -1 1 -1 #SUP: 987
1 -1 23 -1 1 -1 1 -1 1 -1 1 -1 #SUP: 933
1 -1 24 -1 #SUP: 2214
1 -1 24 -1 1 -1 #SUP: 1794
1 -1 24 -1 1 -1 1 -1 #SUP: 1695
1 -1 24 -1 1 -1 1 -1 1 -1 #SUP: 1572
1 -1 24 -1 1 -1 1 -1 1 -1 1 -1 #SUP: 1445
1 -1 24 -1 1 -1 1 -1 1 -1 1 -1 1 -1 #SUP: 1314
1 -1 24 -1 1 -1 1 -1 1 -1 1 -1 1 -1 1 -1 #SUP: 1177
1 -1 24 -1 1 -1 1 -1 1 -1 1 -1 1 -1 1 -1 1 -1 #SUP: 1053
1 -1 24 -1 1 -1 1 -1 1 -1 1 -1 1 -1 1 -1 1 -1 1 -1 #SUP: 927
1 -1 25 -1 #SUP: 1434
1 -1 25 -1 1 -1 #SUP: 1063
1 -1 25 -1 1 -1 1 -1 #SUP: 986
1 -1 25 -1 1 -1 1 -1 1 -1 #SUP: 928
1 -1 26 -1 #SUP: 1513
1 -1 26 -1 1 -1 #SUP: 1226
1 -1 26 -1 1 -1 1 -1 #SUP: 1200
1 -1 26 -1 1 -1 1 -1 1 -1 #SUP: 1165
1 -1 26 -1 1 -1 1 -1 1 -1 1 -1 #SUP: 1133
1 -1 26 -1 1 -1 1 -1 1 -1 1 -1 1 -1 #SUP: 1101
1 -1 26 -1 1 -1 1 -1 1 -1 1 -1 1 -1 1 -1 #SUP: 1061
1 -1 26 -1 1 -1 1 -1 1 -1 1 -1 1 -1 1 -1 1 -1 #SUP: 1008
1 -1 26 -1 1 -1 1 -1 1 -1 1 -1 1 -1 1 -1 1 -1 1 -1 #SUP: 940
1 -1 27 -1 #SUP: 2174
1 -1 27 -1 1 -1 #SUP: 1919
1 -1 27 -1 1 -1 1 -1 #SUP: 1820
1 -1 27 -1 1 -1 1 -1 1 -1 #SUP: 1703
1 -1 27 -1 1 -1 1 -1 1 -1 1 -1 #SUP: 1536
1 -1 27 -1 1 -1 1 -1 1 -1 1 -1 1 -1 #SUP: 1392
1 -1 27 -1 1 -1 1 -1 1 -1 1 -1 1 -1 1 -1 #SUP: 1240
1 -1 27 -1 1 -1 1 -1 1 -1 1 -1 1 -1 1 -1 1 -1 #SUP: 1089
1 -1 27 -1 1 -1 1 -1 1 -1 1 -1 1 -1 1 -1 1 -1 1 -1 #SUP: 924
1 -1 28 -1 #SUP: 1197
1 -1 28 -1 1 -1 #SUP: 1195
1 -1 28 -1 1 -1 1 -1 #SUP: 1186
1 -1 28 -1 1 -1 1 -1 1 -1 #SUP: 1159
1 -1 28 -1 1 -1 1 -1 1 -1 1 -1 #SUP: 1108
1 -1 28 -1 1 -1 1 -1 1 -1 1 -1 1 -1 #SUP: 1038
1 -1 28 -1 1 -1 1 -1 1 -1 1 -1 1 -1 1 -1 #SUP: 942
1 -1 29 -1 #SUP: 1603
1 -1 29 -1 1 -1 #SUP: 1526
1 -1 29 -1 1 -1 1 -1 #SUP: 1471
1 -1 29 -1 1 -1 1 -1 1 -1 #SUP: 1383
1 -1 29 -1 1 -1 1 -1 1 -1 1 -1 #SUP: 1286
1 -1 29 -1 1 -1 1 -1 1 -1 1 -1 1 -1 #SUP: 1170
1 -1 29 -1 1 -1 1 -1 1 -1 1 -1 1 -1 1 -1 #SUP: 1070
1 -1 29 -1 1 -1 1 -1 1 -1 1 -1 1 -1 1 -1 1 -1 #SUP: 959
1 -1 30 -1 #SUP: 1787
1 -1 30 -1 1 -1 #SUP: 1455
1 -1 30 -1 1 -1 1 -1 #SUP: 1360
1 -1 30 -1 1 -1 1 -1 1 -1 #SUP: 1254
1 -1 30 -1 1 -1 1 -1 1 -1 1 -1 #SUP: 1145
1 -1 30 -1 1 -1 1 -1 1 -1 1 -1 1 -1 #SUP: 1048
1 -1 30 -1 1 -1 1 -1 1 -1 1 -1 1 -1 1 -1 #SUP: 945
1 -1 31 -1 #SUP: 1392
1 -1 31 -1 1 -1 #SUP: 1250
1 -1 31 -1 1 -1 1 -1 #SUP: 1192
1 -1 31 -1 1 -1 1 -1 1 -1 #SUP: 1118
1 -1 31 -1 1 -1 1 -1 1 -1 1 -1 #SUP: 1038
1 -1 31 -1 1 -1 1 -1 1 -1 1 -1 1 -1 #SUP: 929
1 -1 32 -1 #SUP: 1556
1 -1 32 -1 1 -1 #SUP: 1362
1 -1 32 -1 1 -1 1 -1 #SUP: 1316
1 -1 32 -1 1 -1 1 -1 1 -1 #SUP: 1237
1 -1 32 -1 1 -1 1 -1 1 -1 1 -1 #SUP: 1148
1 -1 32 -1 1 -1 1 -1 1 -1 1 -1 1 -1 #SUP: 1054
1 -1 32 -1 1 -1 1 -1 1 -1 1 -1 1 -1 1 -1 #SUP: 961
1 -1 33 -1 #SUP: 1004
1 -1 35 -1 #SUP: 1975
1 -1 35 -1 1 -1 #SUP: 1788
1 -1 35 -1 1 -1 1 -1 #SUP: 1684
1 -1 35 -1 1 -1 1 -1 1 -1 #SUP: 1571
1 -1 35 -1 1 -1 1 -1 1 -1 1 -1 #SUP: 1442
1 -1 35 -1 1 -1 1 -1 1 -1 1 -1 1 -1 #SUP: 1294
1 -1 35 -1 1 -1 1 -1 1 -1 1 -1 1 -1 1 -1 #SUP: 1152
1 -1 35 -1 1 -1 1 -1 1 -1 1 -1 1 -1 1 -1 1 -1 #SUP: 1021
1 -1 36 -1 #SUP: 1784
1 -1 36 -1 1 -1 #SUP: 1688
1 -1 36 -1 1 -1 1 -1 #SUP: 1641
1 -1 36 -1 1 -1 1 -1 1 -1 #SUP: 1586
1 -1 36 -1 1 -1 1 -1 1 -1 1 -1 #SUP: 1511
1 -1 36 -1 1 -1 1 -1 1 -1 1 -1 1 -1 #SUP: 1428
1 -1 36 -1 1 -1 1 -1 1 -1 1 -1 1 -1 1 -1 #SUP: 1328
1 -1 36 -1 1 -1 1 -1 1 -1 1 -1 1 -1 1 -1 1 -1 #SUP: 1219
1 -1 36 -1 1 -1 1 -1 1 -1 1 -1 1 -1 1 -1 1 -1 1 -1 #SUP: 1096
1 -1 36 -1 1 -1 1 -1 1 -1 1 -1 1 -1 1 -1 1 -1 1 -1 1 -1 #SUP: 953
1 -1 37 -1 #SUP: 936
1 -1 37 -1 1 -1 #SUP: 903
1 -1 39 -1 #SUP: 2045
1 -1 39 -1 1 -1 #SUP: 1783
1 -1 39 -1 1 -1 1 -1 #SUP: 1665
1 -1 39 -1 1 -1 1 -1 1 -1 #SUP: 1552
1 -1 39 -1 1 -1 1 -1 1 -1 1 -1 #SUP: 1402
1 -1 39 -1 1 -1 1 -1 1 -1 1 -1 1 -1 #SUP: 1252
1 -1 39 -1 1 -1 1 -1 1 -1 1 -1 1 -1 1 -1 #SUP: 1129
1 -1 39 -1 1 -1 1 -1 1 -1 1 -1 1 -1 1 -1 1 -1 #SUP: 1000
1 -1 40 -1 #SUP: 1560
1 -1 40 -1 1 -1 #SUP: 1366
1 -1 40 -1 1 -1 1 -1 #SUP: 1333
1 -1 40 -1 1 -1 1 -1 1 -1 #SUP: 1286
1 -1 40 -1 1 -1 1 -1 1 -1 1 -1 #SUP: 1236
1 -1 40 -1 1 -1 1 -1 1 -1 1 -1 1 -1 #SUP: 1171
1 -1 40 -1 1 -1 1 -1 1 -1 1 -1 1 -1 1 -1 #SUP: 1095
1 -1 40 -1 1 -1 1 -1 1 -1 1 -1 1 -1 1 -1 1 -1 #SUP: 1009
1 -1 41 -1 #SUP: 1225
1 -1 41 -1 1 -1 #SUP: 1114
1 -1 41 -1 1 -1 1 -1 #SUP: 1081
1 -1 41 -1 1 -1 1 -1 1 -1 #SUP: 1031
1 -1 41 -1 1 -1 1 -1 1 -1 1 -1 #SUP: 976
1 -1 41 -1 1 -1 1 -1 1 -1 1 -1 1 -1 #SUP: 907
1 -1 42 -1 #SUP: 1730
1 -1 42 -1 1 -1 #SUP: 1524
1 -1 42 -1 1 -1 1 -1 #SUP: 1424
1 -1 42 -1 1 -1 1 -1 1 -1 #SUP: 1309
1 -1 42 -1 1 -1 1 -1 1 -1 1 -1 #SUP: 1181
1 -1 42 -1 1 -1 1 -1 1 -1 1 -1 1 -1 #SUP: 1064
1 -1 42 -1 1 -1 1 -1 1 -1 1 -1 1 -1 1 -1 #SUP: 937
1 -1 42 -1 43 -1 #SUP: 1006
1 -1 43 -1 #SUP: 2311
1 -1 43 -1 1 -1 #SUP: 1786
1 -1 43 -1 1 -1 1 -1 #SUP: 1614
1 -1 43 -1 1 -1 1 -1 1 -1 #SUP: 1465
1 -1 43 -1 1 -1 1 -1 1 -1 1 -1 #SUP: 1328
1 -1 43 -1 1 -1 1 -1 1 -1 1 -1 1 -1 #SUP: 1177
1 -1 43 -1 1 -1 1 -1 1 -1 1 -1 1 -1 1 -1 #SUP: 1039
1 -1 43 -1 1 -1 1 -1 1 -1 1 -1 1 -1 1 -1 1 -1 #SUP: 931
1 -1 44 -1 #SUP: 1614
1 -1 44 -1 1 -1 #SUP: 1464
1 -1 44 -1 1 -1 1 -1 #SUP: 1415
1 -1 44 -1 1 -1 1 -1 1 -1 #SUP: 1330
1 -1 44 -1 1 -1 1 -1 1 -1 1 -1 #SUP: 1241
1 -1 44 -1 1 -1 1 -1 1 -1 1 -1 1 -1 #SUP: 1133
1 -1 44 -1 1 -1 1 -1 1 -1 1 -1 1 -1 1 -1 #SUP: 1003
1 -1 46 -1 #SUP: 926
1 -1 47 -1 #SUP: 1828
1 -1 47 -1 1 -1 #SUP: 1644
1 -1 47 -1 1 -1 1 -1 #SUP: 1583
1 -1 47 -1 1 -1 1 -1 1 -1 #SUP: 1535
1 -1 47 -1 1 -1 1 -1 1 -1 1 -1 #SUP: 1462
1 -1 47 -1 1 -1 1 -1 1 -1 1 -1 1 -1 #SUP: 1382
1 -1 47 -1 1 -1 1 -1 1 -1 1 -1 1 -1 1 -1 #SUP: 1288
1 -1 47 -1 1 -1 1 -1 1 -1 1 -1 1 -1 1 -1 1 -1 #SUP: 1157
1 -1 47 -1 1 -1 1 -1 1 -1 1 -1 1 -1 1 -1 1 -1 1 -1 #SUP: 1028
1 -1 47 -1 1 -1 1 -1 1 -1 1 -1 1 -1 1 -1 1 -1 1 -1 1 -1 #SUP: 900
1 -1 48 -1 #SUP: 1359
1 -1 48 -1 1 -1 #SUP: 1198
1 -1 48 -1 1 -1 1 -1 #SUP: 1111
1 -1 48 -1 1 -1 1 -1 1 -1 #SUP: 1010
1 -1 48 -1 1 -1 1 -1 1 -1 1 -1 #SUP: 932
1 -1 49 -1 #SUP: 1305
1 -1 49 -1 1 -1 #SUP: 1190
1 -1 49 -1 1 -1 1 -1 #SUP: 1135
1 -1 49 -1 1 -1 1 -1 1 -1 #SUP: 1057
1 -1 49 -1 1 -1 1 -1 1 -1 1 -1 #SUP: 958
1 -1 50 -1 #SUP: 1333
1 -1 50 -1 1 -1 #SUP: 1193
1 -1 50 -1 1 -1 1 -1 #SUP: 1142
1 -1 50 -1 1 -1 1 -1 1 -1 #SUP: 1087
1 -1 50 -1 1 -1 1 -1 1 -1 1 -1 #SUP: 1039
1 -1 50 -1 1 -1 1 -1 1 -1 1 -1 1 -1 #SUP: 978
2 -1 #SUP: 1403
2 -1 1 -1 #SUP: 1243
2 -1 1 -1 1 -1 #SUP: 1188
2 -1 1 -1 1 -1 1 -1 #SUP: 1149
2 -1 1 -1 1 -1 1 -1 1 -1 #SUP: 1085
2 -1 1 -1 1 -1 1 -1 1 -1 1 -1 #SUP: 1023
2 -1 1 -1 1 -1 1 -1 1 -1 1 -1 1 -1 #SUP: 951
3 -1 #SUP: 1601
3 -1 1 -1 #SUP: 1370
3 -1 1 -1 1 -1 #SUP: 1294
3 -1 1 -1 1 -1 1 -1 #SUP: 1210
3 -1 1 -1 1 -1 1 -1 1 -1 #SUP: 1138
3 -1 1 -1 1 -1 1 -1 1 -1 1 -1 #SUP: 1043
3 -1 1 -1 1 -1 1 -1 1 -1 1 -1 1 -1 #SUP: 974
4 -1 #SUP: 1754
4 -1 1 -1 #SUP: 1645
4 -1 1 -1 1 -1 #SUP: 1595
4 -1 1 -1 1 -1 1 -1 #SUP: 1540
4 -1 1 -1 1 -1 1 -1 1 -1 #SUP: 1488
4 -1 1 -1 1 -1 1 -1 1 -1 1 -1 #SUP: 1413
4 -1 1 -1 1 -1 1 -1 1 -1 1 -1 1 -1 #SUP: 1321
4 -1 1 -1 1 -1 1 -1 1 -1 1 -1 1 -1 1 -1 #SUP: 1228
4 -1 1 -1 1 -1 1 -1 1 -1 1 -1 1 -1 1 -1 1 -1 #SUP: 1108
4 -1 1 -1 1 -1 1 -1 1 -1 1 -1 1 -1 1 -1 1 -1 1 -1 #SUP: 1000
6 -1 #SUP: 1400
6 -1 1 -1 #SUP: 1249
6 -1 1 -1 1 -1 #SUP: 1194
6 -1 1 -1 1 -1 1 -1 #SUP: 1116
6 -1 1 -1 1 -1 1 -1 1 -1 #SUP: 1037
6 -1 1 -1 1 -1 1 -1 1 -1 1 -1 #SUP: 966
7 -1 #SUP: 1418
7 -1 1 -1 #SUP: 1292
7 -1 1 -1 1 -1 #SUP: 1243
7 -1 1 -1 1 -1 1 -1 #SUP: 1190
7 -1 1 -1 1 -1 1 -1 1 -1 #SUP: 1119
7 -1 1 -1 1 -1 1 -1 1 -1 1 -1 #SUP: 1047
7 -1 1 -1 1 -1 1 -1 1 -1 1 -1 1 -1 #SUP: 974
7 -1 1 -1 1 -1 1 -1 1 -1 1 -1 1 -1 1 -1 #SUP: 906
8 -1 #SUP: 2214
8 -1 1 -1 #SUP: 2059
8 -1 1 -1 1 -1 #SUP: 2006
8 -1 1 -1 1 -1 1 -1 #SUP: 1926
8 -1 1 -1 1 -1 1 -1 1 -1 #SUP: 1827
8 -1 1 -1 1 -1 1 -1 1 -1 1 -1 #SUP: 1690
8 -1 1 -1 1 -1 1 -1 1 -1 1 -1 1 -1 #SUP: 1544
8 -1 1 -1 1 -1 1 -1 1 -1 1 -1 1 -1 1 -1 #SUP: 1380
8 -1 1 -1 1 -1 1 -1 1 -1 1 -1 1 -1 1 -1 1 -1 #SUP: 1213
8 -1 1 -1 1 -1 1 -1 1 -1 1 -1 1 -1 1 -1 1 -1 1 -1 #SUP: 1031
10 -1 #SUP: 1175
10 -1 1 -1 #SUP: 901
11 -1 #SUP: 1230
11 -1 1 -1 #SUP: 1178
11 -1 1 -1 1 -1 #SUP: 1138
11 -1 1 -1 1 -1 1 -1 #SUP: 1092
11 -1 1 -1 1 -1 1 -1 1 -1 #SUP: 1035
11 -1 1 -1 1 -1 1 -1 1 -1 1 -1 #SUP: 954
12 -1 #SUP: 1027
13 -1 #SUP: 1396
13 -1 1 -1 #SUP: 1328
13 -1 1 -1 1 -1 #SUP: 1282
13 -1 1 -1 1 -1 1 -1 #SUP: 1237
13 -1 1 -1 1 -1 1 -1 1 -1 #SUP: 1172
13 -1 1 -1 1 -1 1 -1 1 -1 1 -1 #SUP: 1093
13 -1 1 -1 1 -1 1 -1 1 -1 1 -1 1 -1 #SUP: 1003
13 -1 1 -1 1 -1 1 -1 1 -1 1 -1 1 -1 1 -1 #SUP: 900
14 -1 #SUP: 2253
14 -1 1 -1 #SUP: 1851
14 -1 1 -1 1 -1 #SUP: 1705
14 -1 1 -1 1 -1 1 -1 #SUP: 1570
14 -1 1 -1 1 -1 1 -1 1 -1 #SUP: 1443
14 -1 1 -1 1 -1 1 -1 1 -1 1 -1 #SUP: 1301
14 -1 1 -1 1 -1 1 -1 1 -1 1 -1 1 -1 #SUP: 1188
14 -1 1 -1 1 -1 1 -1 1 -1 1 -1 1 -1 1 -1 #SUP: 1079
14 -1 1 -1 1 -1 1 -1 1 -1 1 -1 1 -1 1 -1 1 -1 #SUP: 973
15 -1 #SUP: 1210
15 -1 1 -1 #SUP: 1155
15 -1 1 -1 1 -1 #SUP: 1120
15 -1 1 -1 1 -1 1 -1 #SUP: 1060
15 -1 1 -1 1 -1 1 -1 1 -1 #SUP: 980
15 -1 1 -1 1 -1 1 -1 1 -1 1 -1 #SUP: 900
16 -1 #SUP: 1791
16 -1 1 -1 #SUP: 1454
16 -1 1 -1 1 -1 #SUP: 1384
16 -1 1 -1 1 -1 1 -1 #SUP: 1310
16 -1 1 -1 1 -1 1 -1 1 -1 #SUP: 1215
16 -1 1 -1 1 -1 1 -1 1 -1 1 -1 #SUP: 1127
16 -1 1 -1 1 -1 1 -1 1 -1 1 -1 1 -1 #SUP: 1043
16 -1 1 -1 1 -1 1 -1 1 -1 1 -1 1 -1 1 -1 #SUP: 939
19 -1 #SUP: 1782
19 -1 1 -1 #SUP: 1567
19 -1 1 -1 1 -1 #SUP: 1505
19 -1 1 -1 1 -1 1 -1 #SUP: 1438
19 -1 1 -1 1 -1 1 -1 1 -1 #SUP: 1358
19 -1 1 -1 1 -1 1 -1 1 -1 1 -1 #SUP: 1265
19 -1 1 -1 1 -1 1 -1 1 -1 1 -1 1 -1 #SUP: 1170
19 -1 1 -1 1 -1 1 -1 1 -1 1 -1 1 -1 1 -1 #SUP: 1040
19 -1 1 -1 1 -1 1 -1 1 -1 1 -1 1 -1 1 -1 1 -1 #SUP: 936
20 -1 #SUP: 1399
20 -1 1 -1 #SUP: 1238
20 -1 1 -1 1 -1 #SUP: 1172
20 -1 1 -1 1 -1 1 -1 #SUP: 1079
20 -1 1 -1 1 -1 1 -1 1 -1 #SUP: 985
21 -1 #SUP: 1024
22 -1 #SUP: 970
23 -1 #SUP: 1368
23 -1 1 -1 #SUP: 1143
23 -1 1 -1 1 -1 #SUP: 1092
23 -1 1 -1 1 -1 1 -1 #SUP: 1030
23 -1 1 -1 1 -1 1 -1 1 -1 #SUP: 976
23 -1 1 -1 1 -1 1 -1 1 -1 1 -1 #SUP: 911
24 -1 #SUP: 2275
24 -1 1 -1 #SUP: 1855
24 -1 1 -1 1 -1 #SUP: 1756
24 -1 1 -1 1 -1 1 -1 #SUP: 1633
24 -1 1 -1 1 -1 1 -1 1 -1 #SUP: 1506
24 -1 1 -1 1 -1 1 -1 1 -1 1 -1 #SUP: 1375
24 -1 1 -1 1 -1 1 -1 1 -1 1 -1 1 -1 #SUP: 1238
24 -1 1 -1 1 -1 1 -1 1 -1 1 -1 1 -1 1 -1 #SUP: 1114
24 -1 1 -1 1 -1 1 -1 1 -1 1 -1 1 -1 1 -1 1 -1 #SUP: 988
25 -1 #SUP: 1442
25 -1 1 -1 #SUP: 1071
25 -1 1 -1 1 -1 #SUP: 994
25 -1 1 -1 1 -1 1 -1 #SUP: 936
26 -1 #SUP: 1619
26 -1 1 -1 #SUP: 1332
26 -1 1 -1 1 -1 #SUP: 1306
26 -1 1 -1 1 -1 1 -1 #SUP: 1271
26 -1 1 -1 1 -1 1 -1 1 -1 #SUP: 1239
26 -1 1 -1 1 -1 1 -1 1 -1 1 -1 #SUP: 1207
26 -1 1 -1 1 -1 1 -1 1 -1 1 -1 1 -1 #SUP: 1168
26 -1 1 -1 1 -1 1 -1 1 -1 1 -1 1 -1 1 -1 #SUP: 1115
26 -1 1 -1 1 -1 1 -1 1 -1 1 -1 1 -1 1 -1 1 -1 #SUP: 1047
26 -1 1 -1 1 -1 1 -1 1 -1 1 -1 1 -1 1 -1 1 -1 1 -1 #SUP: 946
27 -1 #SUP: 2197
27 -1 1 -1 #SUP: 1942
27 -1 1 -1 1 -1 #SUP: 1843
27 -1 1 -1 1 -1 1 -1 #SUP: 1726
27 -1 1 -1 1 -1 1 -1 1 -1 #SUP: 1559
27 -1 1 -1 1 -1 1 -1 1 -1 1 -1 #SUP: 1415
27 -1 1 -1 1 -1 1 -1 1 -1 1 -1 1 -1 #SUP: 1263
27 -1 1 -1 1 -1 1 -1 1 -1 1 -1 1 -1 1 -1 #SUP: 1112
27 -1 1 -1 1 -1 1 -1 1 -1 1 -1 1 -1 1 -1 1 -1 #SUP: 947
28 -1 #SUP: 1206
28 -1 1 -1 #SUP: 1204
28 -1 1 -1 1 -1 #SUP: 1195
28 -1 1 -1 1 -1 1 -1 #SUP: 1168
28 -1 1 -1 1 -1 1 -1 1 -1 #SUP: 1117
28 -1 1 -1 1 -1 1 -1 1 -1 1 -1 #SUP: 1047
28 -1 1 -1 1 -1 1 -1 1 -1 1 -1 1 -1 #SUP: 951
29 -1 #SUP: 1629
29 -1 1 -1 #SUP: 1552
29 -1 1 -1 1 -1 #SUP: 1497
29 -1 1 -1 1 -1 1 -1 #SUP: 1409
29 -1 1 -1 1 -1 1 -1 1 -1 #SUP: 1312
29 -1 1 -1 1 -1 1 -1 1 -1 1 -1 #SUP: 1196
29 -1 1 -1 1 -1 1 -1 1 -1 1 -1 1 -1 #SUP: 1096
29 -1 1 -1 1 -1 1 -1 1 -1 1 -1 1 -1 1 -1 #SUP: 985
30 -1 #SUP: 1793
30 -1 1 -1 #SUP: 1461
30 -1 1 -1 1 -1 #SUP: 1366
30 -1 1 -1 1 -1 1 -1 #SUP: 1260
30 -1 1 -1 1 -1 1 -1 1 -1 #SUP: 1151
30 -1 1 -1 1 -1 1 -1 1 -1 1 -1 #SUP: 1054
30 -1 1 -1 1 -1 1 -1 1 -1 1 -1 1 -1 #SUP: 951
31 -1 #SUP: 1393
31 -1 1 -1 #SUP: 1251
31 -1 1 -1 1 -1 #SUP: 1193
31 -1 1 -1 1 -1 1 -1 #SUP: 1119
31 -1 1 -1 1 -1 1 -1 1 -1 #SUP: 1039
31 -1 1 -1 1 -1 1 -1 1 -1 1 -1 #SUP: 930
32 -1 #SUP: 1609
32 -1 1 -1 #SUP: 1415
32 -1 1 -1 1 -1 #SUP: 1369
32 -1 1 -1 1 -1 1 -1 #SUP: 1290
32 -1 1 -1 1 -1 1 -1 1 -1 #SUP: 1201
32 -1 1 -1 1 -1 1 -1 1 -1 1 -1 #SUP: 1107
32 -1 1 -1 1 -1 1 -1 1 -1 1 -1 1 -1 #SUP: 1014
32 -1 1 -1 1 -1 1 -1 1 -1 1 -1 1 -1 1 -1 #SUP: 916
33 -1 #SUP: 1034
33 -1 1 -1 #SUP: 920
35 -1 #SUP: 2019
35 -1 1 -1 #SUP: 1832
35 -1 1 -1 1 -1 #SUP: 1728
35 -1 1 -1 1 -1 1 -1 #SUP: 1615
35 -1 1 -1 1 -1 1 -1 1 -1 #SUP: 1486
35 -1 1 -1 1 -1 1 -1 1 -1 1 -1 #SUP: 1338
35 -1 1 -1 1 -1 1 -1 1 -1 1 -1 1 -1 #SUP: 1196
35 -1 1 -1 1 -1 1 -1 1 -1 1 -1 1 -1 1 -1 #SUP: 1065
35 -1 1 -1 1 -1 1 -1 1 -1 1 -1 1 -1 1 -1 1 -1 #SUP: 916
36 -1 #SUP: 1845
36 -1 1 -1 #SUP: 1749
36 -1 1 -1 1 -1 #SUP: 1702
36 -1 1 -1 1 -1 1 -1 #SUP: 1647
36 -1 1 -1 1 -1 1 -1 1 -1 #SUP: 1572
36 -1 1 -1 1 -1 1 -1 1 -1 1 -1 #SUP: 1489
36 -1 1 -1 1 -1 1 -1 1 -1 1 -1 1 -1 #SUP: 1389
36 -1 1 -1 1 -1 1 -1 1 -1 1 -1 1 -1 1 -1 #SUP: 1280
36 -1 1 -1 1 -1 1 -1 1 -1 1 -1 1 -1 1 -1 1 -1 #SUP: 1157
36 -1 1 -1 1 -1 1 -1 1 -1 1 -1 1 -1 1 -1 1 -1 1 -1 #SUP: 1014
37 -1 #SUP: 979
37 -1 1 -1 #SUP: 946
37 -1 1 -1 1 -1 #SUP: 924
39 -1 #SUP: 2083
39 -1 1 -1 #SUP: 1821
39 -1 1 -1 1 -1 #SUP: 1703
39 -1 1 -1 1 -1 1 -1 #SUP: 1590
39 -1 1 -1 1 -1 1 -1 1 -1 #SUP: 1440
39 -1 1 -1 1 -1 1 -1 1 -1 1 -1 #SUP: 1290
39 -1 1 -1 1 -1 1 -1 1 -1 1 -1 1 -1 #SUP: 1167
39 -1 1 -1 1 -1 1 -1 1 -1 1 -1 1 -1 1 -1 #SUP: 1038
39 -1 1 -1 1 -1 1 -1 1 -1 1 -1 1 -1 1 -1 1 -1 #SUP: 902
40 -1 #SUP: 1595
40 -1 1 -1 #SUP: 1401
40 -1 1 -1 1 -1 #SUP: 1368
40 -1 1 -1 1 -1 1 -1 #SUP: 1321
40 -1 1 -1 1 -1 1 -1 1 -1 #SUP: 1271
40 -1 1 -1 1 -1 1 -1 1 -1 1 -1 #SUP: 1206
40 -1 1 -1 1 -1 1 -1 1 -1 1 -1 1 -1 #SUP: 1130
40 -1 1 -1 1 -1 1 -1 1 -1 1 -1 1 -1 1 -1 #SUP: 1044
40 -1 1 -1 1 -1 1 -1 1 -1 1 -1 1 -1 1 -1 1 -1 #SUP: 911
41 -1 #SUP: 1248
41 -1 1 -1 #SUP: 1137
41 -1 1 -1 1 -1 #SUP: 1104
41 -1 1 -1 1 -1 1 -1 #SUP: 1054
41 -1 1 -1 1 -1 1 -1 1 -1 #SUP: 999
41 -1 1 -1 1 -1 1 -1 1 -1 1 -1 #SUP: 930
42 -1 #SUP: 1776
42 -1 1 -1 #SUP: 1570
42 -1 1 -1 1 -1 #SUP: 1470
42 -1 1 -1 1 -1 1 -1 #SUP: 1355
42 -1 1 -1 1 -1 1 -1 1 -1 #SUP: 1227
42 -1 1 -1 1 -1 1 -1 1 -1 1 -1 #SUP: 1110
42 -1 1 -1 1 -1 1 -1 1 -1 1 -1 1 -1 #SUP: 983
42 -1 43 -1 #SUP: 1008
43 -1 #SUP: 2412
43 -1 1 -1 #SUP: 1888
43 -1 1 -1 1 -1 #SUP: 1716
43 -1 1 -1 1 -1 1 -1 #SUP: 1569
43 -1 1 -1 1 -1 1 -1 1 -1 #SUP: 1435
43 -1 1 -1 1 -1 1 -1 1 -1 1 -1 #SUP: 1286
43 -1 1 -1 1 -1 1 -1 1 -1 1 -1 1 -1 #SUP: 1152
43 -1 1 -1 1 -1 1 -1 1 -1 1 -1 1 -1 1 -1 #SUP: 1047
43 -1 1 -1 1 -1 1 -1 1 -1 1 -1 1 -1 1 -1 1 -1 #SUP: 946
44 -1 #SUP: 1617
44 -1 1 -1 #SUP: 1467
44 -1 1 -1 1 -1 #SUP: 1418
44 -1 1 -1 1 -1 1 -1 #SUP: 1333
44 -1 1 -1 1 -1 1 -1 1 -1 #SUP: 1244
44 -1 1 -1 1 -1 1 -1 1 -1 1 -1 #SUP: 1136
44 -1 1 -1 1 -1 1 -1 1 -1 1 -1 1 -1 #SUP: 1006
46 -1 #SUP: 946
46 -1 1 -1 #SUP: 904
47 -1 #SUP: 1844
47 -1 1 -1 #SUP: 1660
47 -1 1 -1 1 -1 #SUP: 1599
47 -1 1 -1 1 -1 1 -1 #SUP: 1551
47 -1 1 -1 1 -1 1 -1 1 -1 #SUP: 1478
47 -1 1 -1 1 -1 1 -1 1 -1 1 -1 #SUP: 1398
47 -1 1 -1 1 -1 1 -1 1 -1 1 -1 1 -1 #SUP: 1304
47 -1 1 -1 1 -1 1 -1 1 -1 1 -1 1 -1 1 -1 #SUP: 1173
47 -1 1 -1 1 -1 1 -1 1 -1 1 -1 1 -1 1 -1 1 -1 #SUP: 1044
47 -1 1 -1 1 -1 1 -1 1 -1 1 -1 1 -1 1 -1 1 -1 1 -1 #SUP: 916
48 -1 #SUP: 1380
48 -1 1 -1 #SUP: 1219
48 -1 1 -1 1 -1 #SUP: 1132
48 -1 1 -1 1 -1 1 -1 #SUP: 1031
48 -1 1 -1 1 -1 1 -1 1 -1 #SUP: 954
49 -1 #SUP: 1347
49 -1 1 -1 #SUP: 1232
49 -1 1 -1 1 -1 #SUP: 1177
49 -1 1 -1 1 -1 1 -1 #SUP: 1099
49 -1 1 -1 1 -1 1 -1 1 -1 #SUP: 1000
49 -1 1 -1 1 -1 1 -1 1 -1 1 -1 #SUP: 907
50 -1 #SUP: 1381
50 -1 1 -1 #SUP: 1241
50 -1 1 -1 1 -1 #SUP: 1190
50 -1 1 -1 1 -1 1 -1 #SUP: 1135
50 -1 1 -1 1 -1 1 -1 1 -1 #SUP: 1087
50 -1 1 -1 1 -1 1 -1 1 -1 1 -1 #SUP: 1026
50 -1 1 -1 1 -1 1 -1 1 -1 1 -1 1 -1 #SUP: 941
