1 -1 #SUP: 10000
2 -1 #SUP: 1403
3 -1 #SUP: 1601
4 -1 #SUP: 1754
6 -1 #SUP: 1400
7 -1 #SUP: 1418
8 -1 #SUP: 2214
10 -1 #SUP: 1175
11 -1 #SUP: 1230
12 -1 #SUP: 1027
13 -1 #SUP: 1396
14 -1 #SUP: 2253
15 -1 #SUP: 1210
16 -1 #SUP: 1791
19 -1 #SUP: 1782
20 -1 #SUP: 1399
21 -1 #SUP: 1024
22 -1 #SUP: 970
23 -1 #SUP: 1368
24 -1 #SUP: 2275
25 -1 #SUP: 1442
26 -1 #SUP: 1619
27 -1 #SUP: 2197
28 -1 #SUP: 1206
29 -1 #SUP: 1629
30 -1 #SUP: 1793
31 -1 #SUP: 1393
32 -1 #SUP: 1609
33 -1 #SUP: 1034
35 -1 #SUP: 2019
36 -1 #SUP: 1845
37 -1 #SUP: 979
39 -1 #SUP: 2083
40 -1 #SUP: 1595
41 -1 #SUP: 1248
42 -1 #SUP: 1776
43 -1 #SUP: 2412
44 -1 #SUP: 1617
46 -1 #SUP: 946
47 -1 #SUP: 1844
48 -1 #SUP: 1380
49 -1 #SUP: 1347
50 -1 #SUP: 1381
1 -1 50 -1 #SUP: 1333
50 -1 1 -1 #SUP: 1241
50 -1 1 -1 1 -1 #SUP: 1190
50 -1 1 -1 1 -1 1 -1 #SUP: 1135
50 -1 1 -1 1 -1 1 -1 1 -1 #SUP: 1084
50 -1 1 -1 1 -1 1 -1 1 -1 1 -1 #SUP: 1019
50 -1 1 -1 1 -1 1 -1 1 -1 1 -1 1 -1 #SUP: 937
1 -1 49 -1 #SUP: 1305
49 -1 1 -1 #SUP: 1232
49 -1 1 -1 1 -1 #SUP: 1175
49 -1 1 -1 1 -1 1 -1 #SUP: 1098
49 -1 1 -1 1 -1 1 -1 1 -1 #SUP: 995
49 -1 1 -1 1 -1 1 -1 1 -1 1 -1 #SUP: 906
1 -1 48 -1 #SUP: 1359
48 -1 1 -1 #SUP: 1219
48 -1 1 -1 1 -1 #SUP: 1129
48 -1 1 -1 1 -1 1 -1 #SUP: 1027
48 -1 1 -1 1 -1 1 -1 1 -1 #SUP: 951
1 -1 47 -1 #SUP: 1828
47 -1 1 -1 #SUP: 1659
47 -1 1 -1 1 -1 #SUP: 1598
47 -1 1 -1 1 -1 1 -1 #SUP: 1546
47 -1 1 -1 1 -1 1 -1 1 -1 #SUP: 1475
47 -1 1 -1 1 -1 1 -1 1 -1 1 -1 #SUP: 1395
47 -1 1 -1 1 -1 1 -1 1 -1 1 -1 1 -1 #SUP: 1293
47 -1 1 -1 1 -1 1 -1 1 -1 1 -1 1 -1 1 -1 #SUP: 1162
47 -1 1 -1 1 -1 1 -1 1 -1 1 -1 1 -1 1 -1 1 -1 #SUP: 1037
47 -1 1 -1 1 -1 1 -1 1 -1 1 -1 1 -1 1 -1 1 -1 1 -1 #SUP: 911
1 -1 46 -1 #SUP: 926
46 -1 1 -1 #SUP: 904
1 -1 44 -1 #SUP: 1614
44 -1 1 -1 #SUP: 1466
44 -1 1 -1 1 -1 #SUP: 1415
44 -1 1 -1 1 -1 1 -1 #SUP: 1332
44 -1 1 -1 1 -1 1 -1 1 -1 #SUP: 1244
44 -1 1 -1 1 -1 1 -1 1 -1 1 -1 #SUP: 1130
44 -1 1 -1 1 -1 1 -1 1 -1 1 -1 1 -1 #SUP: 999
42 -1 43 -1 #SUP: 1008
1 -1 43 -1 #SUP: 2311
43 -1 1 -1 #SUP: 1887
43 -1 1 -1 1 -1 #SUP: 1713
43 -1 1 -1 1 -1 1 -1 #SUP: 1565
43 -1 1 -1 1 -1 1 -1 1 -1 #SUP: 1430
43 -1 1 -1 1 -1 1 -1 1 -1 1 -1 #SUP: 1282
43 -1 1 -1 1 -1 1 -1 1 -1 1 -1 1 -1 #SUP: 1148
43 -1 1 -1 1 -1 1 -1 1 -1 1 -1 1 -1 1 -1 #SUP: 1035
43 -1 1 -1 1 -1 1 -1 1 -1 1 -1 1 -1 1 -1 1 -1 #SUP: 936
1 -1 42 -1 #SUP: 1730
42 -1 1 -1 #SUP: 1569
42 -1 1 -1 1 -1 #SUP: 1466
42 -1 1 -1 1 -1 1 -1 #SUP: 1350
42 -1 1 -1 1 -1 1 -1 1 -1 #SUP: 1226
42 -1 1 -1 1 -1 1 -1 1 -1 1 -1 #SUP: 1102
42 -1 1 -1 1 -1 1 -1 1 -1 1 -1 1 -1 #SUP: 975
1 -1 41 -1 #SUP: 1225
41 -1 1 -1 #SUP: 1135
41 -1 1 -1 1 -1 #SUP: 1104
41 -1 1 -1 1 -1 1 -1 #SUP: 1052
41 -1 1 -1 1 -1 1 -1 1 -1 #SUP: 993
41 -1 1 -1 1 -1 1 -1 1 -1 1 -1 #SUP: 927
1 -1 40 -1 #SUP: 1560
40 -1 1 -1 #SUP: 1401
40 -1 1 -1 1 -1 #SUP: 1366
40 -1 1 -1 1 -1 1 -1 #SUP: 1320
40 -1 1 -1 1 -1 1 -1 1 -1 #SUP: 1271
40 -1 1 -1 1 -1 1 -1 1 -1 1 -1 #SUP: 1202
40 -1 1 -1 1 -1 1 -1 1 -1 1 -1 1 -1 #SUP: 1125
40 -1 1 -1 1 -1 1 -1 1 -1 1 -1 1 -1 1 -1 #SUP: 1032
40 -1 1 -1 1 -1 1 -1 1 -1 1 -1 1 -1 1 -1 1 -1 #SUP: 903
1 -1 39 -1 #SUP: 2045
39 -1 1 -1 #SUP: 1820
39 -1 1 -1 1 -1 #SUP: 1700
39 -1 1 -1 1 -1 1 -1 #SUP: 1587
39 -1 1 -1 1 -1 1 -1 1 -1 #SUP: 1434
39 -1 1 -1 1 -1 1 -1 1 -1 1 -1 #SUP: 1286
39 -1 1 -1 1 -1 1 -1 1 -1 1 -1 1 -1 #SUP: 1158
39 -1 1 -1 1 -1 1 -1 1 -1 1 -1 1 -1 1 -1 #SUP: 1029
1 -1 37 -1 #SUP: 936
37 -1 1 -1 #SUP: 946
37 -1 1 -1 1 -1 #SUP: 923
1 -1 36 -1 #SUP: 1784
36 -1 1 -1 #SUP: 1748
36 -1 1 -1 1 -1 #SUP: 1700
36 -1 1 -1 1 -1 1 -1 #SUP: 1645
36 -1 1 -1 1 -1 1 -1 1 -1 #SUP: 1565
36 -1 1 -1 1 -1 1 -1 1 -1 1 -1 #SUP: 1483
36 -1 1 -1 1 -1 1 -1 1 -1 1 -1 1 -1 #SUP: 1385
36 -1 1 -1 1 -1 1 -1 1 -1 1 -1 1 -1 1 -1 #SUP: 1273
36 -1 1 -1 1 -1 1 -1 1 -1 1 -1 1 -1 1 -1 1 -1 #SUP: 1151
36 -1 1 -1 1 -1 1 -1 1 -1 1 -1 1 -1 1 -1 1 -1 1 -1 #SUP: 1002
1 -1 35 -1 #SUP: 1975
35 -1 1 -1 #SUP: 1831
35 -1 1 -1 1 -1 #SUP: 1726
35 -1 1 -1 1 -1 1 -1 #SUP: 1612
35 -1 1 -1 1 -1 1 -1 1 -1 #SUP: 1480
35 -1 1 -1 1 -1 1 -1 1 -1 1 -1 #SUP: 1331
35 -1 1 -1 1 -1 1 -1 1 -1 1 -1 1 -1 #SUP: 1190
35 -1 1 -1 1 -1 1 -1 1 -1 1 -1 1 -1 1 -1 #SUP: 1058
35 -1 1 -1 1 -1 1 -1 1 -1 1 -1 1 -1 1 -1 1 -1 #SUP: 902
1 -1 33 -1 #SUP: 1004
33 -1 1 -1 #SUP: 919
1 -1 32 -1 #SUP: 1556
32 -1 1 -1 #SUP: 1415
32 -1 1 -1 1 -1 #SUP: 1367
32 -1 1 -1 1 -1 1 -1 #SUP: 1288
32 -1 1 -1 1 -1 1 -1 1 -1 #SUP: 1197
32 -1 1 -1 1 -1 1 -1 1 -1 1 -1 #SUP: 1102
32 -1 1 -1 1 -1 1 -1 1 -1 1 -1 1 -1 #SUP: 1010
32 -1 1 -1 1 -1 1 -1 1 -1 1 -1 1 -1 1 -1 #SUP: 910
1 -1 31 -1 #SUP: 1392
31 -1 1 -1 #SUP: 1251
31 -1 1 -1 1 -1 #SUP: 1192
31 -1 1 -1 1 -1 1 -1 #SUP: 1115
31 -1 1 -1 1 -1 1 -1 1 -1 #SUP: 1036
31 -1 1 -1 1 -1 1 -1 1 -1 1 -1 #SUP: 925
1 -1 30 -1 #SUP: 1787
30 -1 1 -1 #SUP: 1459
30 -1 1 -1 1 -1 #SUP: 1362
30 -1 1 -1 1 -1 1 -1 #SUP: 1256
30 -1 1 -1 1 -1 1 -1 1 -1 #SUP: 1148
30 -1 1 -1 1 -1 1 -1 1 -1 1 -1 #SUP: 1048
30 -1 1 -1 1 -1 1 -1 1 -1 1 -1 1 -1 #SUP: 947
1 -1 29 -1 #SUP: 1603
29 -1 1 -1 #SUP: 1552
29 -1 1 -1 1 -1 #SUP: 1496
29 -1 1 -1 1 -1 1 -1 #SUP: 1406
29 -1 1 -1 1 -1 1 -1 1 -1 #SUP: 1310
29 -1 1 -1 1 -1 1 -1 1 -1 1 -1 #SUP: 1193
29 -1 1 -1 1 -1 1 -1 1 -1 1 -1 1 -1 #SUP: 1088
29 -1 1 -1 1 -1 1 -1 1 -1 1 -1 1 -1 1 -1 #SUP: 974
1 -1 28 -1 #SUP: 1197
28 -1 1 -1 #SUP: 1204
28 -1 1 -1 1 -1 #SUP: 1195
28 -1 1 -1 1 -1 1 -1 #SUP: 1168
28 -1 1 -1 1 -1 1 -1 1 -1 #SUP: 1115
28 -1 1 -1 1 -1 1 -1 1 -1 1 -1 #SUP: 1045
28 -1 1 -1 1 -1 1 -1 1 -1 1 -1 1 -1 #SUP: 947
1 -1 27 -1 #SUP: 2174
27 -1 1 -1 #SUP: 1940
27 -1 1 -1 1 -1 #SUP: 1839
27 -1 1 -1 1 -1 1 -1 #SUP: 1722
27 -1 1 -1 1 -1 1 -1 1 -1 #SUP: 1556
27 -1 1 -1 1 -1 1 -1 1 -1 1 -1 #SUP: 1407
27 -1 1 -1 1 -1 1 -1 1 -1 1 -1 1 -1 #SUP: 1253
27 -1 1 -1 1 -1 1 -1 1 -1 1 -1 1 -1 1 -1 #SUP: 1103
27 -1 1 -1 1 -1 1 -1 1 -1 1 -1 1 -1 1 -1 1 -1 #SUP: 941
1 -1 26 -1 #SUP: 1513
26 -1 1 -1 #SUP: 1332
26 -1 1 -1 1 -1 #SUP: 1305
26 -1 1 -1 1 -1 1 -1 #SUP: 1271
26 -1 1 -1 1 -1 1 -1 1 -1 #SUP: 1235
26 -1 1 -1 1 -1 1 -1 1 -1 1 -1 #SUP: 1205
26 -1 1 -1 1 -1 1 -1 1 -1 1 -1 1 -1 #SUP: 1166
26 -1 1 -1 1 -1 1 -1 1 -1 1 -1 1 -1 1 -1 #SUP: 1112
26 -1 1 -1 1 -1 1 -1 1 -1 1 -1 1 -1 1 -1 1 -1 #SUP: 1042
26 -1 1 -1 1 -1 1 -1 1 -1 1 -1 1 -1 1 -1 1 -1 1 -1 #SUP: 933
1 -1 25 -1 #SUP: 1434
25 -1 1 -1 #SUP: 1070
25 -1 1 -1 1 -1 #SUP: 994
25 -1 1 -1 1 -1 1 -1 #SUP: 933
1 -1 24 -1 #SUP: 2214
24 -1 1 -1 #SUP: 1853
24 -1 1 -1 1 -1 #SUP: 1753
24 -1 1 -1 1 -1 1 -1 #SUP: 1630
24 -1 1 -1 1 -1 1 -1 1 -1 #SUP: 1498
24 -1 1 -1 1 -1 1 -1 1 -1 1 -1 #SUP: 1368
24 -1 1 -1 1 -1 1 -1 1 -1 1 -1 1 -1 #SUP: 1230
24 -1 1 -1 1 -1 1 -1 1 -1 1 -1 1 -1 1 -1 #SUP: 1108
24 -1 1 -1 1 -1 1 -1 1 -1 1 -1 1 -1 1 -1 1 -1 #SUP: 972
1 -1 23 -1 #SUP: 1325
23 -1 1 -1 #SUP: 1142
23 -1 1 -1 1 -1 #SUP: 1090
23 -1 1 -1 1 -1 1 -1 #SUP: 1028
23 -1 1 -1 1 -1 1 -1 1 -1 #SUP: 974
23 -1 1 -1 1 -1 1 -1 1 -1 1 -1 #SUP: 908
1 -1 22 -1 #SUP: 938
1 -1 21 -1 #SUP: 1023
1 -1 20 -1 #SUP: 1378
20 -1 1 -1 #SUP: 1237
20 -1 1 -1 1 -1 #SUP: 1171
20 -1 1 -1 1 -1 1 -1 #SUP: 1075
20 -1 1 -1 1 -1 1 -1 1 -1 #SUP: 980
1 -1 19 -1 #SUP: 1763
19 -1 1 -1 #SUP: 1567
19 -1 1 -1 1 -1 #SUP: 1504
19 -1 1 -1 1 -1 1 -1 #SUP: 1437
19 -1 1 -1 1 -1 1 -1 1 -1 #SUP: 1355
19 -1 1 -1 1 -1 1 -1 1 -1 1 -1 #SUP: 1262
19 -1 1 -1 1 -1 1 -1 1 -1 1 -1 1 -1 #SUP: 1161
19 -1 1 -1 1 -1 1 -1 1 -1 1 -1 1 -1 1 -1 #SUP: 1032
19 -1 1 -1 1 -1 1 -1 1 -1 1 -1 1 -1 1 -1 1 -1 #SUP: 920
1 -1 16 -1 #SUP: 1767
16 -1 1 -1 #SUP: 1453
16 -1 1 -1 1 -1 #SUP: 1380
16 -1 1 -1 1 -1 1 -1 #SUP: 1305
16 -1 1 -1 1 -1 1 -1 1 -1 #SUP: 1210
16 -1 1 -1 1 -1 1 -1 1 -1 1 -1 #SUP: 1119
16 -1 1 -1 1 -1 1 -1 1 -1 1 -1 1 -1 #SUP: 1036
16 -1 1 -1 1 -1 1 -1 1 -1 1 -1 1 -1 1 -1 #SUP: 935
1 -1 15 -1 #SUP: 1204
15 -1 1 -1 #SUP: 1155
15 -1 1 -1 1 -1 #SUP: 1119
15 -1 1 -1 1 -1 1 -1 #SUP: 1058
15 -1 1 -1 1 -1 1 -1 1 -1 #SUP: 976
1 -1 14 -1 #SUP: 2199
14 -1 1 -1 #SUP: 1848
14 -1 1 -1 1 -1 #SUP: 1702
14 -1 1 -1 1 -1 1 -1 #SUP: 1568
14 -1 1 -1 1 -1 1 -1 1 -1 #SUP: 1437
14 -1 1 -1 1 -1 1 -1 1 -1 1 -1 #SUP: 1299
14 -1 1 -1 1 -1 1 -1 1 -1 1 -1 1 -1 #SUP: 1180
14 -1 1 -1 1 -1 1 -1 1 -1 1 -1 1 -1 1 -1 #SUP: 1073
14 -1 1 -1 1 -1 1 -1 1 -1 1 -1 1 -1 1 -1 1 -1 #SUP: 965
1 -1 13 -1 #SUP: 1361
13 -1 1 -1 #SUP: 1327
13 -1 1 -1 1 -1 #SUP: 1282
13 -1 1 -1 1 -1 1 -1 #SUP: 1234
13 -1 1 -1 1 -1 1 -1 1 -1 #SUP: 1168
13 -1 1 -1 1 -1 1 -1 1 -1 1 -1 #SUP: 1088
13 -1 1 -1 1 -1 1 -1 1 -1 1 -1 1 -1 #SUP: 999
1 -1 12 -1 #SUP: 1026
1 -1 11 -1 #SUP: 1193
11 -1 1 -1 #SUP: 1178
11 -1 1 -1 1 -1 #SUP: 1137
11 -1 1 -1 1 -1 1 -1 #SUP: 1091
11 -1 1 -1 1 -1 1 -1 1 -1 #SUP: 1033
11 -1 1 -1 1 -1 1 -1 1 -1 1 -1 #SUP: 950
1 -1 10 -1 #SUP: 1174
10 -1 1 -1 #SUP: 901
1 -1 8 -1 #SUP: 2177
8 -1 1 -1 #SUP: 2058
8 -1 1 -1 1 -1 #SUP: 2005
8 -1 1 -1 1 -1 1 -1 #SUP: 1923
8 -1 1 -1 1 -1 1 -1 1 -1 #SUP: 1822
8 -1 1 -1 1 -1 1 -1 1 -1 1 -1 #SUP: 1685
8 -1 1 -1 1 -1 1 -1 1 -1 1 -1 1 -1 #SUP: 1535
8 -1 1 -1 1 -1 1 -1 1 -1 1 -1 1 -1 1 -1 #SUP: 1366
8 -1 1 -1 1 -1 1 -1 1 -1 1 -1 1 -1 1 -1 1 -1 #SUP: 1194
8 -1 1 -1 1 -1 1 -1 1 -1 1 -1 1 -1 1 -1 1 -1 1 -1 #SUP: 1014
1 -1 7 -1 #SUP: 1370
7 -1 1 -1 #SUP: 1292
7 -1 1 -1 1 -1 #SUP: 1242
7 -1 1 -1 1 -1 1 -1 #SUP: 1187
7 -1 1 -1 1 -1 1 -1 1 -1 #SUP: 1115
7 -1 1 -1 1 -1 1 -1 1 -1 1 -1 #SUP: 1042
7 -1 1 -1 1 -1 1 -1 1 -1 1 -1 1 -1 #SUP: 969
7 -1 1 -1 1 -1 1 -1 1 -1 1 -1 1 -1 1 -1 #SUP: 902
1 -1 6 -1 #SUP: 1365
6 -1 1 -1 #SUP: 1249
6 -1 1 -1 1 -1 #SUP: 1194
6 -1 1 -1 1 -1 1 -1 #SUP: 1116
6 -1 1 -1 1 -1 1 -1 1 -1 #SUP: 1035
6 -1 1 -1 1 -1 1 -1 1 -1 1 -1 #SUP: 964
1 -1 4 -1 #SUP: 1700
4 -1 1 -1 #SUP: 1645
4 -1 1 -1 1 -1 #SUP: 1592
4 -1 1 -1 1 -1 1 -1 #SUP: 1538
4 -1 1 -1 1 -1 1 -1 1 -1 #SUP: 1485
4 -1 1 -1 1 -1 1 -1 1 -1 1 -1 #SUP: 1411
4 -1 1 -1 1 -1 1 -1 1 -1 1 -1 1 -1 #SUP: 1316
4 -1 1 -1 1 -1 1 -1 1 -1 1 -1 1 -1 1 -1 #SUP: 1224
4 -1 1 -1 1 -1 1 -1 1 -1 1 -1 1 -1 1 -1 1 -1 #SUP: 1103
4 -1 1 -1 1 -1 1 -1 1 -1 1 -1 1 -1 1 -1 1 -1 1 -1 #SUP: 994
1 -1 3 -1 #SUP: 1563
3 -1 1 -1 #SUP: 1368
3 -1 1 -1 1 -1 #SUP: 1293
3 -1 1 -1 1 -1 1 -1 #SUP: 1205
3 -1 1 -1 1 -1 1 -1 1 -1 #SUP: 1130
3 -1 1 -1 1 -1 1 -1 1 -1 1 -1 #SUP: 1038
3 -1 1 -1 1 -1 1 -1 1 -1 1 -1 1 -1 #SUP: 973
1 -1 2 -1 #SUP: 1373
2 -1 1 -1 #SUP: 1243
2 -1 1 -1 1 -1 #SUP: 1188
2 -1 1 -1 1 -1 1 -1 #SUP: 1149
2 -1 1 -1 1 -1 1 -1 1 -1 #SUP: 1080
2 -1 1 -1 1 -1 1 -1 1 -1 1 -1 #SUP: 1020
2 -1 1 -1 1 -1 1 -1 1 -1 1 -1 1 -1 #SUP: 946
1 -1 1 -1 #SUP: 10000
1 -1 1 -1 1 -1 #SUP: 10000
1 -1 2 -1 1 -1 #SUP: 1213
1 -1 1 -1 2 -1 #SUP: 1326
1 -1 3 -1 1 -1 #SUP: 1330
1 -1 1 -1 3 -1 #SUP: 1521
1 -1 4 -1 1 -1 #SUP: 1591
1 -1 1 -1 4 -1 #SUP: 1611
1 -1 6 -1 1 -1 #SUP: 1214
1 -1 1 -1 6 -1 #SUP: 1328
1 -1 7 -1 1 -1 #SUP: 1244
1 -1 1 -1 7 -1 #SUP: 1311
1 -1 8 -1 1 -1 #SUP: 2021
1 -1 1 -1 8 -1 #SUP: 2133
1 -1 10 -1 1 -1 #SUP: 900
1 -1 1 -1 10 -1 #SUP: 1168
1 -1 11 -1 1 -1 #SUP: 1141
1 -1 1 -1 11 -1 #SUP: 1170
1 -1 1 -1 12 -1 #SUP: 1025
1 -1 13 -1 1 -1 #SUP: 1292
1 -1 1 -1 13 -1 #SUP: 1311
1 -1 14 -1 1 -1 #SUP: 1794
1 -1 1 -1 14 -1 #SUP: 2135
1 -1 15 -1 1 -1 #SUP: 1149
1 -1 1 -1 15 -1 #SUP: 1183
1 -1 16 -1 1 -1 #SUP: 1429
1 -1 1 -1 16 -1 #SUP: 1715
1 -1 19 -1 1 -1 #SUP: 1548
1 -1 1 -1 19 -1 #SUP: 1735
1 -1 20 -1 1 -1 #SUP: 1216
1 -1 1 -1 20 -1 #SUP: 1354
1 -1 1 -1 21 -1 #SUP: 1015
1 -1 23 -1 1 -1 #SUP: 1099
1 -1 1 -1 23 -1 #SUP: 1268
1 -1 24 -1 1 -1 #SUP: 1792
1 -1 1 -1 24 -1 #SUP: 2139
1 -1 25 -1 1 -1 #SUP: 1062
1 -1 1 -1 25 -1 #SUP: 1411
1 -1 26 -1 1 -1 #SUP: 1226
1 -1 1 -1 26 -1 #SUP: 1425
1 -1 27 -1 1 -1 #SUP: 1917
1 -1 1 -1 27 -1 #SUP: 2131
1 -1 28 -1 1 -1 #SUP: 1195
1 -1 1 -1 28 -1 #SUP: 1162
1 -1 29 -1 1 -1 #SUP: 1526
1 -1 1 -1 29 -1 #SUP: 1570
1 -1 30 -1 1 -1 #SUP: 1453
1 -1 1 -1 30 -1 #SUP: 1753
1 -1 31 -1 1 -1 #SUP: 1250
1 -1 1 -1 31 -1 #SUP: 1383
1 -1 32 -1 1 -1 #SUP: 1362
1 -1 1 -1 32 -1 #SUP: 1503
1 -1 1 -1 33 -1 #SUP: 977
1 -1 35 -1 1 -1 #SUP: 1787
1 -1 1 -1 35 -1 #SUP: 1926
1 -1 36 -1 1 -1 #SUP: 1687
1 -1 1 -1 36 -1 #SUP: 1697
1 -1 37 -1 1 -1 #SUP: 903
1 -1 39 -1 1 -1 #SUP: 1782
1 -1 1 -1 39 -1 #SUP: 1984
1 -1 40 -1 1 -1 #SUP: 1366
1 -1 1 -1 40 -1 #SUP: 1516
1 -1 41 -1 1 -1 #SUP: 1112
1 -1 1 -1 41 -1 #SUP: 1187
1 -1 42 -1 1 -1 #SUP: 1523
1 -1 1 -1 42 -1 #SUP: 1675
1 -1 43 -1 1 -1 #SUP: 1785
1 -1 1 -1 43 -1 #SUP: 2245
1 -1 44 -1 1 -1 #SUP: 1463
1 -1 1 -1 44 -1 #SUP: 1590
1 -1 1 -1 46 -1 #SUP: 901
1 -1 47 -1 1 -1 #SUP: 1643
1 -1 1 -1 47 -1 #SUP: 1777
1 -1 48 -1 1 -1 #SUP: 1198
1 -1 1 -1 48 -1 #SUP: 1317
1 -1 49 -1 1 -1 #SUP: 1190
1 -1 1 -1 49 -1 #SUP: 1257
1 -1 50 -1 1 -1 #SUP: 1193
1 -1 1 -1 50 -1 #SUP: 1287
1 -1 1 -1 1 -1 50 -1 #SUP: 1204
1 -1 1 -1 50 -1 1 -1 #SUP: 1147
1 -1 1 -1 50 -1 1 -1 1 -1 #SUP: 1096
1 -1 1 -1 50 -1 1 -1 1 -1 1 -1 #SUP: 1041
1 -1 1 -1 50 -1 1 -1 1 -1 1 -1 1 -1 #SUP: 990
1 -1 1 -1 50 -1 1 -1 1 -1 1 -1 1 -1 1 -1 #SUP: 925
1 -1 1 -1 1 -1 49 -1 #SUP: 1211
1 -1 1 -1 49 -1 1 -1 #SUP: 1142
1 -1 1 -1 49 -1 1 -1 1 -1 #SUP: 1085
1 -1 1 -1 49 -1 1 -1 1 -1 1 -1 #SUP: 1008
1 -1 1 -1 49 -1 1 -1 1 -1 1 -1 1 -1 #SUP: 905
1 -1 1 -1 1 -1 48 -1 #SUP: 1276
1 -1 1 -1 48 -1 1 -1 #SUP: 1156
1 -1 1 -1 48 -1 1 -1 1 -1 #SUP: 1066
1 -1 1 -1 48 -1 1 -1 1 -1 1 -1 #SUP: 964
1 -1 1 -1 1 -1 47 -1 #SUP: 1700
1 -1 1 -1 47 -1 1 -1 #SUP: 1592
1 -1 1 -1 47 -1 1 -1 1 -1 #SUP: 1531
1 -1 1 -1 47 -1 1 -1 1 -1 1 -1 #SUP: 1479
1 -1 1 -1 47 -1 1 -1 1 -1 1 -1 1 -1 #SUP: 1408
1 -1 1 -1 47 -1 1 -1 1 -1 1 -1 1 -1 1 -1 #SUP: 1328
1 -1 1 -1 47 -1 1 -1 1 -1 1 -1 1 -1 1 -1 1 -1 #SUP: 1227
1 -1 1 -1 47 -1 1 -1 1 -1 1 -1 1 -1 1 -1 1 -1 1 -1 #SUP: 1096
1 -1 1 -1 47 -1 1 -1 1 -1 1 -1 1 -1 1 -1 1 -1 1 -1 1 -1 #SUP: 971
1 -1 1 -1 1 -1 44 -1 #SUP: 1566
1 -1 1 -1 44 -1 1 -1 #SUP: 1439
1 -1 1 -1 44 -1 1 -1 1 -1 #SUP: 1388
1 -1 1 -1 44 -1 1 -1 1 -1 1 -1 #SUP: 1305
1 -1 1 -1 44 -1 1 -1 1 -1 1 -1 1 -1 #SUP: 1216
1 -1 1 -1 44 -1 1 -1 1 -1 1 -1 1 -1 1 -1 #SUP: 1102
1 -1 1 -1 44 -1 1 -1 1 -1 1 -1 1 -1 1 -1 1 -1 #SUP: 971
1 -1 1 -1 42 -1 43 -1 #SUP: 988
1 -1 1 -1 1 -1 43 -1 #SUP: 2173
1 -1 1 -1 43 -1 1 -1 #SUP: 1719
1 -1 1 -1 43 -1 1 -1 1 -1 #SUP: 1543
1 -1 1 -1 43 -1 1 -1 1 -1 1 -1 #SUP: 1389
1 -1 1 -1 43 -1 1 -1 1 -1 1 -1 1 -1 #SUP: 1252
1 -1 1 -1 43 -1 1 -1 1 -1 1 -1 1 -1 1 -1 #SUP: 1099
1 -1 1 -1 43 -1 1 -1 1 -1 1 -1 1 -1 1 -1 1 -1 #SUP: 960
1 -1 1 -1 1 -1 42 -1 #SUP: 1596
1 -1 1 -1 42 -1 1 -1 #SUP: 1468
1 -1 1 -1 42 -1 1 -1 1 -1 #SUP: 1365
1 -1 1 -1 42 -1 1 -1 1 -1 1 -1 #SUP: 1249
1 -1 1 -1 42 -1 1 -1 1 -1 1 -1 1 -1 #SUP: 1125
1 -1 1 -1 42 -1 1 -1 1 -1 1 -1 1 -1 1 -1 #SUP: 1001
1 -1 1 -1 1 -1 41 -1 #SUP: 1146
1 -1 1 -1 41 -1 1 -1 #SUP: 1074
1 -1 1 -1 41 -1 1 -1 1 -1 #SUP: 1043
1 -1 1 -1 41 -1 1 -1 1 -1 1 -1 #SUP: 991
1 -1 1 -1 41 -1 1 -1 1 -1 1 -1 1 -1 #SUP: 932
1 -1 1 -1 1 -1 40 -1 #SUP: 1448
1 -1 1 -1 40 -1 1 -1 #SUP: 1322
1 -1 1 -1 40 -1 1 -1 1 -1 #SUP: 1287
1 -1 1 -1 40 -1 1 -1 1 -1 1 -1 #SUP: 1241
1 -1 1 -1 40 -1 1 -1 1 -1 1 -1 1 -1 #SUP: 1192
1 -1 1 -1 40 -1 1 -1 1 -1 1 -1 1 -1 1 -1 #SUP: 1123
1 -1 1 -1 40 -1 1 -1 1 -1 1 -1 1 -1 1 -1 1 -1 #SUP: 1046
1 -1 1 -1 40 -1 1 -1 1 -1 1 -1 1 -1 1 -1 1 -1 1 -1 #SUP: 953
1 -1 1 -1 1 -1 39 -1 #SUP: 1916
1 -1 1 -1 39 -1 1 -1 #SUP: 1721
1 -1 1 -1 39 -1 1 -1 1 -1 #SUP: 1601
1 -1 1 -1 39 -1 1 -1 1 -1 1 -1 #SUP: 1488
1 -1 1 -1 39 -1 1 -1 1 -1 1 -1 1 -1 #SUP: 1335
1 -1 1 -1 39 -1 1 -1 1 -1 1 -1 1 -1 1 -1 #SUP: 1187
1 -1 1 -1 39 -1 1 -1 1 -1 1 -1 1 -1 1 -1 1 -1 #SUP: 1059
1 -1 1 -1 39 -1 1 -1 1 -1 1 -1 1 -1 1 -1 1 -1 1 -1 #SUP: 930
1 -1 1 -1 1 -1 36 -1 #SUP: 1594
1 -1 1 -1 36 -1 1 -1 #SUP: 1600
1 -1 1 -1 36 -1 1 -1 1 -1 #SUP: 1552
1 -1 1 -1 36 -1 1 -1 1 -1 1 -1 #SUP: 1497
1 -1 1 -1 36 -1 1 -1 1 -1 1 -1 1 -1 #SUP: 1417
1 -1 1 -1 36 -1 1 -1 1 -1 1 -1 1 -1 1 -1 #SUP: 1335
1 -1 1 -1 36 -1 1 -1 1 -1 1 -1 1 -1 1 -1 1 -1 #SUP: 1237
1 -1 1 -1 36 -1 1 -1 1 -1 1 -1 1 -1 1 -1 1 -1 1 -1 #SUP: 1125
1 -1 1 -1 36 -1 1 -1 1 -1 1 -1 1 -1 1 -1 1 -1 1 -1 1 -1 #SUP: 1003
1 -1 1 -1 1 -1 35 -1 #SUP: 1846
1 -1 1 -1 35 -1 1 -1 #SUP: 1738
1 -1 1 -1 35 -1 1 -1 1 -1 #SUP: 1633
1 -1 1 -1 35 -1 1 -1 1 -1 1 -1 #SUP: 1519
1 -1 1 -1 35 -1 1 -1 1 -1 1 -1 1 -1 #SUP: 1387
1 -1 1 -1 35 -1 1 -1 1 -1 1 -1 1 -1 1 -1 #SUP: 1238
1 -1 1 -1 35 -1 1 -1 1 -1 1 -1 1 -1 1 -1 1 -1 #SUP: 1097
1 -1 1 -1 35 -1 1 -1 1 -1 1 -1 1 -1 1 -1 1 -1 1 -1 #SUP: 965
1 -1 1 -1 1 -1 33 -1 #SUP: 938
1 -1 1 -1 1 -1 32 -1 #SUP: 1439
1 -1 1 -1 32 -1 1 -1 #SUP: 1309
1 -1 1 -1 32 -1 1 -1 1 -1 #SUP: 1261
1 -1 1 -1 32 -1 1 -1 1 -1 1 -1 #SUP: 1182
1 -1 1 -1 32 -1 1 -1 1 -1 1 -1 1 -1 #SUP: 1091
1 -1 1 -1 32 -1 1 -1 1 -1 1 -1 1 -1 1 -1 #SUP: 996
1 -1 1 -1 32 -1 1 -1 1 -1 1 -1 1 -1 1 -1 1 -1 #SUP: 904
1 -1 1 -1 1 -1 31 -1 #SUP: 1367
1 -1 1 -1 31 -1 1 -1 #SUP: 1241
1 -1 1 -1 31 -1 1 -1 1 -1 #SUP: 1182
1 -1 1 -1 31 -1 1 -1 1 -1 1 -1 #SUP: 1105
1 -1 1 -1 31 -1 1 -1 1 -1 1 -1 1 -1 #SUP: 1026
1 -1 1 -1 31 -1 1 -1 1 -1 1 -1 1 -1 1 -1 #SUP: 915
1 -1 1 -1 1 -1 30 -1 #SUP: 1706
1 -1 1 -1 30 -1 1 -1 #SUP: 1419
1 -1 1 -1 30 -1 1 -1 1 -1 #SUP: 1322
1 -1 1 -1 30 -1 1 -1 1 -1 1 -1 #SUP: 1215
1 -1 1 -1 30 -1 1 -1 1 -1 1 -1 1 -1 #SUP: 1107
1 -1 1 -1 30 -1 1 -1 1 -1 1 -1 1 -1 1 -1 #SUP: 1007
1 -1 1 -1 30 -1 1 -1 1 -1 1 -1 1 -1 1 -1 1 -1 #SUP: 905
1 -1 1 -1 1 -1 29 -1 #SUP: 1524
1 -1 1 -1 29 -1 1 -1 #SUP: 1493
1 -1 1 -1 29 -1 1 -1 1 -1 #SUP: 1437
1 -1 1 -1 29 -1 1 -1 1 -1 1 -1 #SUP: 1347
1 -1 1 -1 29 -1 1 -1 1 -1 1 -1 1 -1 #SUP: 1251
1 -1 1 -1 29 -1 1 -1 1 -1 1 -1 1 -1 1 -1 #SUP: 1134
1 -1 1 -1 29 -1 1 -1 1 -1 1 -1 1 -1 1 -1 1 -1 #SUP: 1029
1 -1 1 -1 29 -1 1 -1 1 -1 1 -1 1 -1 1 -1 1 -1 1 -1 #SUP: 915
1 -1 1 -1 1 -1 28 -1 #SUP: 1110
1 -1 1 -1 28 -1 1 -1 #SUP: 1160
1 -1 1 -1 28 -1 1 -1 1 -1 #SUP: 1151
1 -1 1 -1 28 -1 1 -1 1 -1 1 -1 #SUP: 1124
1 -1 1 -1 28 -1 1 -1 1 -1 1 -1 1 -1 #SUP: 1071
1 -1 1 -1 28 -1 1 -1 1 -1 1 -1 1 -1 1 -1 #SUP: 1001
1 -1 1 -1 28 -1 1 -1 1 -1 1 -1 1 -1 1 -1 1 -1 #SUP: 902
1 -1 1 -1 1 -1 27 -1 #SUP: 2065
1 -1 1 -1 27 -1 1 -1 #SUP: 1874
1 -1 1 -1 27 -1 1 -1 1 -1 #SUP: 1773
1 -1 1 -1 27 -1 1 -1 1 -1 1 -1 #SUP: 1656
1 -1 1 -1 27 -1 1 -1 1 -1 1 -1 1 -1 #SUP: 1490
1 -1 1 -1 27 -1 1 -1 1 -1 1 -1 1 -1 1 -1 #SUP: 1341
1 -1 1 -1 27 -1 1 -1 1 -1 1 -1 1 -1 1 -1 1 -1 #SUP: 1187
1 -1 1 -1 27 -1 1 -1 1 -1 1 -1 1 -1 1 -1 1 -1 1 -1 #SUP: 1037
1 -1 1 -1 1 -1 26 -1 #SUP: 1301
1 -1 1 -1 26 -1 1 -1 #SUP: 1138
1 -1 1 -1 26 -1 1 -1 1 -1 #SUP: 1111
1 -1 1 -1 26 -1 1 -1 1 -1 1 -1 #SUP: 1076
1 -1 1 -1 26 -1 1 -1 1 -1 1 -1 1 -1 #SUP: 1040
1 -1 1 -1 26 -1 1 -1 1 -1 1 -1 1 -1 1 -1 #SUP: 1008
1 -1 1 -1 26 -1 1 -1 1 -1 1 -1 1 -1 1 -1 1 -1 #SUP: 967
1 -1 1 -1 26 -1 1 -1 1 -1 1 -1 1 -1 1 -1 1 -1 1 -1 #SUP: 911
1 -1 1 -1 1 -1 25 -1 #SUP: 1375
1 -1 1 -1 25 -1 1 -1 #SUP: 1039
1 -1 1 -1 25 -1 1 -1 1 -1 #SUP: 963
1 -1 1 -1 25 -1 1 -1 1 -1 1 -1 #SUP: 902
1 -1 1 -1 1 -1 24 -1 #SUP: 2061
1 -1 1 -1 24 -1 1 -1 #SUP: 1717
1 -1 1 -1 24 -1 1 -1 1 -1 #SUP: 1617
1 -1 1 -1 24 -1 1 -1 1 -1 1 -1 #SUP: 1494
1 -1 1 -1 24 -1 1 -1 1 -1 1 -1 1 -1 #SUP: 1362
1 -1 1 -1 24 -1 1 -1 1 -1 1 -1 1 -1 1 -1 #SUP: 1232
1 -1 1 -1 24 -1 1 -1 1 -1 1 -1 1 -1 1 -1 1 -1 #SUP: 1094
1 -1 1 -1 24 -1 1 -1 1 -1 1 -1 1 -1 1 -1 1 -1 1 -1 #SUP: 972
1 -1 1 -1 1 -1 23 -1 #SUP: 1185
1 -1 1 -1 23 -1 1 -1 #SUP: 1042
1 -1 1 -1 23 -1 1 -1 1 -1 #SUP: 990
1 -1 1 -1 23 -1 1 -1 1 -1 1 -1 #SUP: 928
1 -1 1 -1 1 -1 21 -1 #SUP: 995
1 -1 1 -1 1 -1 20 -1 #SUP: 1317
1 -1 1 -1 20 -1 1 -1 #SUP: 1192
1 -1 1 -1 20 -1 1 -1 1 -1 #SUP: 1126
1 -1 1 -1 20 -1 1 -1 1 -1 1 -1 #SUP: 1030
1 -1 1 -1 20 -1 1 -1 1 -1 1 -1 1 -1 #SUP: 935
1 -1 1 -1 1 -1 19 -1 #SUP: 1675
1 -1 1 -1 19 -1 1 -1 #SUP: 1520
1 -1 1 -1 19 -1 1 -1 1 -1 #SUP: 1457
1 -1 1 -1 19 -1 1 -1 1 -1 1 -1 #SUP: 1390
1 -1 1 -1 19 -1 1 -1 1 -1 1 -1 1 -1 #SUP: 1308
1 -1 1 -1 19 -1 1 -1 1 -1 1 -1 1 -1 1 -1 #SUP: 1215
1 -1 1 -1 19 -1 1 -1 1 -1 1 -1 1 -1 1 -1 1 -1 #SUP: 1114
1 -1 1 -1 19 -1 1 -1 1 -1 1 -1 1 -1 1 -1 1 -1 1 -1 #SUP: 985
1 -1 1 -1 1 -1 16 -1 #SUP: 1664
1 -1 1 -1 16 -1 1 -1 #SUP: 1377
1 -1 1 -1 16 -1 1 -1 1 -1 #SUP: 1304
1 -1 1 -1 16 -1 1 -1 1 -1 1 -1 #SUP: 1229
1 -1 1 -1 16 -1 1 -1 1 -1 1 -1 1 -1 #SUP: 1133
1 -1 1 -1 16 -1 1 -1 1 -1 1 -1 1 -1 1 -1 #SUP: 1042
1 -1 1 -1 16 -1 1 -1 1 -1 1 -1 1 -1 1 -1 1 -1 #SUP: 958
1 -1 1 -1 1 -1 15 -1 #SUP: 1158
1 -1 1 -1 15 -1 1 -1 #SUP: 1128
1 -1 1 -1 15 -1 1 -1 1 -1 #SUP: 1092
1 -1 1 -1 15 -1 1 -1 1 -1 1 -1 #SUP: 1031
1 -1 1 -1 15 -1 1 -1 1 -1 1 -1 1 -1 #SUP: 949
1 -1 1 -1 1 -1 14 -1 #SUP: 2067
1 -1 1 -1 14 -1 1 -1 #SUP: 1730
1 -1 1 -1 14 -1 1 -1 1 -1 #SUP: 1584
1 -1 1 -1 14 -1 1 -1 1 -1 1 -1 #SUP: 1450
1 -1 1 -1 14 -1 1 -1 1 -1 1 -1 1 -1 #SUP: 1319
1 -1 1 -1 14 -1 1 -1 1 -1 1 -1 1 -1 1 -1 #SUP: 1181
1 -1 1 -1 14 -1 1 -1 1 -1 1 -1 1 -1 1 -1 1 -1 #SUP: 1062
1 -1 1 -1 14 -1 1 -1 1 -1 1 -1 1 -1 1 -1 1 -1 1 -1 #SUP: 953
1 -1 1 -1 1 -1 13 -1 #SUP: 1252
1 -1 1 -1 13 -1 1 -1 #SUP: 1242
1 -1 1 -1 13 -1 1 -1 1 -1 #SUP: 1197
1 -1 1 -1 13 -1 1 -1 1 -1 1 -1 #SUP: 1149
1 -1 1 -1 13 -1 1 -1 1 -1 1 -1 1 -1 #SUP: 1083
1 -1 1 -1 13 -1 1 -1 1 -1 1 -1 1 -1 1 -1 #SUP: 1003
1 -1 1 -1 13 -1 1 -1 1 -1 1 -1 1 -1 1 -1 1 -1 #SUP: 914
1 -1 1 -1 1 -1 12 -1 #SUP: 1019
1 -1 1 -1 1 -1 11 -1 #SUP: 1132
1 -1 1 -1 11 -1 1 -1 #SUP: 1118
1 -1 1 -1 11 -1 1 -1 1 -1 #SUP: 1077
1 -1 1 -1 11 -1 1 -1 1 -1 1 -1 #SUP: 1031
1 -1 1 -1 11 -1 1 -1 1 -1 1 -1 1 -1 #SUP: 973
1 -1 1 -1 1 -1 10 -1 #SUP: 1159
1 -1 1 -1 1 -1 8 -1 #SUP: 2058
1 -1 1 -1 8 -1 1 -1 #SUP: 1977
1 -1 1 -1 8 -1 1 -1 1 -1 #SUP: 1923
1 -1 1 -1 8 -1 1 -1 1 -1 1 -1 #SUP: 1841
1 -1 1 -1 8 -1 1 -1 1 -1 1 -1 1 -1 #SUP: 1740
1 -1 1 -1 8 -1 1 -1 1 -1 1 -1 1 -1 1 -1 #SUP: 1603
1 -1 1 -1 8 -1 1 -1 1 -1 1 -1 1 -1 1 -1 1 -1 #SUP: 1453
1 -1 1 -1 8 -1 1 -1 1 -1 1 -1 1 -1 1 -1 1 -1 1 -1 #SUP: 1284
1 -1 1 -1 8 -1 1 -1 1 -1 1 -1 1 -1 1 -1 1 -1 1 -1 1 -1 #SUP: 1111
1 -1 1 -1 8 -1 1 -1 1 -1 1 -1 1 -1 1 -1 1 -1 1 -1 1 -1 1 -1 #SUP: 932
1 -1 1 -1 1 -1 7 -1 #SUP: 1231
1 -1 1 -1 7 -1 1 -1 #SUP: 1185
1 -1 1 -1 7 -1 1 -1 1 -1 #SUP: 1135
1 -1 1 -1 7 -1 1 -1 1 -1 1 -1 #SUP: 1080
1 -1 1 -1 7 -1 1 -1 1 -1 1 -1 1 -1 #SUP: 1008
1 -1 1 -1 7 -1 1 -1 1 -1 1 -1 1 -1 1 -1 #SUP: 935
1 -1 1 -1 1 -1 6 -1 #SUP: 1290
1 -1 1 -1 6 -1 1 -1 #SUP: 1177
1 -1 1 -1 6 -1 1 -1 1 -1 #SUP: 1122
1 -1 1 -1 6 -1 1 -1 1 -1 1 -1 #SUP: 1044
1 -1 1 -1 6 -1 1 -1 1 -1 1 -1 1 -1 #SUP: 963
1 -1 1 -1 1 -1 4 -1 #SUP: 1516
1 -1 1 -1 4 -1 1 -1 #SUP: 1502
1 -1 1 -1 4 -1 1 -1 1 -1 #SUP: 1449
1 -1 1 -1 4 -1 1 -1 1 -1 1 -1 #SUP: 1395
1 -1 1 -1 4 -1 1 -1 1 -1 1 -1 1 -1 #SUP: 1342
1 -1 1 -1 4 -1 1 -1 1 -1 1 -1 1 -1 1 -1 #SUP: 1268
1 -1 1 -1 4 -1 1 -1 1 -1 1 -1 1 -1 1 -1 1 -1 #SUP: 1173
1 -1 1 -1 4 -1 1 -1 1 -1 1 -1 1 -1 1 -1 1 -1 1 -1 #SUP: 1081
1 -1 1 -1 4 -1 1 -1 1 -1 1 -1 1 -1 1 -1 1 -1 1 -1 1 -1 #SUP: 960
1 -1 1 -1 1 -1 3 -1 #SUP: 1467
1 -1 1 -1 3 -1 1 -1 #SUP: 1288
1 -1 1 -1 3 -1 1 -1 1 -1 #SUP: 1213
1 -1 1 -1 3 -1 1 -1 1 -1 1 -1 #SUP: 1125
1 -1 1 -1 3 -1 1 -1 1 -1 1 -1 1 -1 #SUP: 1050
1 -1 1 -1 3 -1 1 -1 1 -1 1 -1 1 -1 1 -1 #SUP: 958
1 -1 1 -1 1 -1 2 -1 #SUP: 1269
1 -1 1 -1 2 -1 1 -1 #SUP: 1166
1 -1 1 -1 2 -1 1 -1 1 -1 #SUP: 1111
1 -1 1 -1 2 -1 1 -1 1 -1 1 -1 #SUP: 1072
1 -1 1 -1 2 -1 1 -1 1 -1 1 -1 1 -1 #SUP: 1003
1 -1 1 -1 2 -1 1 -1 1 -1 1 -1 1 -1 1 -1 #SUP: 943
1 -1 1 -1 1 -1 1 -1 #SUP: 10000
1 -1 1 -1 1 -1 1 -1 1 -1 #SUP: 10000
1 -1 1 -1 1 -1 2 -1 1 -1 #SUP: 1109
1 -1 1 -1 1 -1 1 -1 2 -1 #SUP: 1194
1 -1 1 -1 1 -1 3 -1 1 -1 #SUP: 1234
1 -1 1 -1 1 -1 1 -1 3 -1 #SUP: 1411
1 -1 1 -1 1 -1 4 -1 1 -1 #SUP: 1407
1 -1 1 -1 1 -1 1 -1 4 -1 #SUP: 1394
1 -1 1 -1 1 -1 6 -1 1 -1 #SUP: 1139
1 -1 1 -1 1 -1 1 -1 6 -1 #SUP: 1231
1 -1 1 -1 1 -1 7 -1 1 -1 #SUP: 1105
1 -1 1 -1 1 -1 1 -1 7 -1 #SUP: 1138
1 -1 1 -1 1 -1 8 -1 1 -1 #SUP: 1902
1 -1 1 -1 1 -1 1 -1 8 -1 #SUP: 1969
1 -1 1 -1 1 -1 1 -1 10 -1 #SUP: 1140
1 -1 1 -1 1 -1 11 -1 1 -1 #SUP: 1080
1 -1 1 -1 1 -1 1 -1 11 -1 #SUP: 1087
1 -1 1 -1 1 -1 1 -1 12 -1 #SUP: 1006
1 -1 1 -1 1 -1 13 -1 1 -1 #SUP: 1183
1 -1 1 -1 1 -1 1 -1 13 -1 #SUP: 1179
1 -1 1 -1 1 -1 14 -1 1 -1 #SUP: 1662
1 -1 1 -1 1 -1 1 -1 14 -1 #SUP: 1996
1 -1 1 -1 1 -1 15 -1 1 -1 #SUP: 1103
1 -1 1 -1 1 -1 1 -1 15 -1 #SUP: 1106
1 -1 1 -1 1 -1 16 -1 1 -1 #SUP: 1325
1 -1 1 -1 1 -1 1 -1 16 -1 #SUP: 1598
1 -1 1 -1 1 -1 19 -1 1 -1 #SUP: 1460
1 -1 1 -1 1 -1 1 -1 19 -1 #SUP: 1607
1 -1 1 -1 1 -1 20 -1 1 -1 #SUP: 1155
1 -1 1 -1 1 -1 1 -1 20 -1 #SUP: 1270
1 -1 1 -1 1 -1 1 -1 21 -1 #SUP: 972
1 -1 1 -1 1 -1 23 -1 1 -1 #SUP: 959
1 -1 1 -1 1 -1 1 -1 23 -1 #SUP: 1095
1 -1 1 -1 1 -1 24 -1 1 -1 #SUP: 1639
1 -1 1 -1 1 -1 1 -1 24 -1 #SUP: 1964
1 -1 1 -1 1 -1 25 -1 1 -1 #SUP: 1003
1 -1 1 -1 1 -1 1 -1 25 -1 #SUP: 1325
1 -1 1 -1 1 -1 26 -1 1 -1 #SUP: 1014
1 -1 1 -1 1 -1 1 -1 26 -1 #SUP: 1189
1 -1 1 -1 1 -1 27 -1 1 -1 #SUP: 1808
1 -1 1 -1 1 -1 1 -1 27 -1 #SUP: 2003
1 -1 1 -1 1 -1 28 -1 1 -1 #SUP: 1108
1 -1 1 -1 1 -1 1 -1 28 -1 #SUP: 1049
1 -1 1 -1 1 -1 29 -1 1 -1 #SUP: 1447
1 -1 1 -1 1 -1 1 -1 29 -1 #SUP: 1457
1 -1 1 -1 1 -1 30 -1 1 -1 #SUP: 1372
1 -1 1 -1 1 -1 1 -1 30 -1 #SUP: 1646
1 -1 1 -1 1 -1 31 -1 1 -1 #SUP: 1225
1 -1 1 -1 1 -1 1 -1 31 -1 #SUP: 1331
1 -1 1 -1 1 -1 32 -1 1 -1 #SUP: 1245
1 -1 1 -1 1 -1 1 -1 32 -1 #SUP: 1366
1 -1 1 -1 1 -1 35 -1 1 -1 #SUP: 1658
1 -1 1 -1 1 -1 1 -1 35 -1 #SUP: 1762
1 -1 1 -1 1 -1 36 -1 1 -1 #SUP: 1497
1 -1 1 -1 1 -1 1 -1 36 -1 #SUP: 1464
1 -1 1 -1 1 -1 39 -1 1 -1 #SUP: 1653
1 -1 1 -1 1 -1 1 -1 39 -1 #SUP: 1836
1 -1 1 -1 1 -1 40 -1 1 -1 #SUP: 1254
1 -1 1 -1 1 -1 1 -1 40 -1 #SUP: 1361
1 -1 1 -1 1 -1 41 -1 1 -1 #SUP: 1033
1 -1 1 -1 1 -1 1 -1 41 -1 #SUP: 1085
1 -1 1 -1 1 -1 42 -1 1 -1 #SUP: 1389
1 -1 1 -1 1 -1 1 -1 42 -1 #SUP: 1522
1 -1 1 -1 1 -1 43 -1 1 -1 #SUP: 1644
1 -1 1 -1 1 -1 1 -1 43 -1 #SUP: 2096
1 -1 1 -1 1 -1 44 -1 1 -1 #SUP: 1415
1 -1 1 -1 1 -1 1 -1 44 -1 #SUP: 1522
1 -1 1 -1 1 -1 47 -1 1 -1 #SUP: 1515
1 -1 1 -1 1 -1 1 -1 47 -1 #SUP: 1577
1 -1 1 -1 1 -1 48 -1 1 -1 #SUP: 1115
1 -1 1 -1 1 -1 1 -1 48 -1 #SUP: 1225
1 -1 1 -1 1 -1 49 -1 1 -1 #SUP: 1096
1 -1 1 -1 1 -1 1 -1 49 -1 #SUP: 1141
1 -1 1 -1 1 -1 50 -1 1 -1 #SUP: 1064
1 -1 1 -1 1 -1 1 -1 50 -1 #SUP: 1123
1 -1 1 -1 1 -1 1 -1 1 -1 50 -1 #SUP: 1043
1 -1 1 -1 1 -1 1 -1 50 -1 1 -1 #SUP: 983
1 -1 1 -1 1 -1 1 -1 50 -1 1 -1 1 -1 #SUP: 932
1 -1 1 -1 1 -1 1 -1 1 -1 49 -1 #SUP: 1062
1 -1 1 -1 1 -1 1 -1 49 -1 1 -1 #SUP: 1026
1 -1 1 -1 1 -1 1 -1 49 -1 1 -1 1 -1 #SUP: 969
1 -1 1 -1 1 -1 1 -1 1 -1 48 -1 #SUP: 1172
1 -1 1 -1 1 -1 1 -1 48 -1 1 -1 #SUP: 1064
1 -1 1 -1 1 -1 1 -1 48 -1 1 -1 1 -1 #SUP: 974
1 -1 1 -1 1 -1 1 -1 1 -1 47 -1 #SUP: 1459
1 -1 1 -1 1 -1 1 -1 47 -1 1 -1 #SUP: 1392
1 -1 1 -1 1 -1 1 -1 47 -1 1 -1 1 -1 #SUP: 1331
1 -1 1 -1 1 -1 1 -1 47 -1 1 -1 1 -1 1 -1 #SUP: 1279
1 -1 1 -1 1 -1 1 -1 47 -1 1 -1 1 -1 1 -1 1 -1 #SUP: 1208
1 -1 1 -1 1 -1 1 -1 47 -1 1 -1 1 -1 1 -1 1 -1 1 -1 #SUP: 1128
1 -1 1 -1 1 -1 1 -1 47 -1 1 -1 1 -1 1 -1 1 -1 1 -1 1 -1 #SUP: 1027
1 -1 1 -1 1 -1 1 -1 1 -1 44 -1 #SUP: 1453
1 -1 1 -1 1 -1 1 -1 44 -1 1 -1 #SUP: 1371
1 -1 1 -1 1 -1 1 -1 44 -1 1 -1 1 -1 #SUP: 1320
1 -1 1 -1 1 -1 1 -1 44 -1 1 -1 1 -1 1 -1 #SUP: 1236
1 -1 1 -1 1 -1 1 -1 44 -1 1 -1 1 -1 1 -1 1 -1 #SUP: 1145
1 -1 1 -1 1 -1 1 -1 44 -1 1 -1 1 -1 1 -1 1 -1 1 -1 #SUP: 1028
1 -1 1 -1 1 -1 1 -1 42 -1 43 -1 #SUP: 925
1 -1 1 -1 1 -1 1 -1 1 -1 43 -1 #SUP: 2035
1 -1 1 -1 1 -1 1 -1 43 -1 1 -1 #SUP: 1561
1 -1 1 -1 1 -1 1 -1 43 -1 1 -1 1 -1 #SUP: 1379
1 -1 1 -1 1 -1 1 -1 43 -1 1 -1 1 -1 1 -1 #SUP: 1222
1 -1 1 -1 1 -1 1 -1 43 -1 1 -1 1 -1 1 -1 1 -1 #SUP: 1078
1 -1 1 -1 1 -1 1 -1 43 -1 1 -1 1 -1 1 -1 1 -1 1 -1 #SUP: 922
1 -1 1 -1 1 -1 1 -1 1 -1 42 -1 #SUP: 1458
1 -1 1 -1 1 -1 1 -1 42 -1 1 -1 #SUP: 1315
1 -1 1 -1 1 -1 1 -1 42 -1 1 -1 1 -1 #SUP: 1212
1 -1 1 -1 1 -1 1 -1 42 -1 1 -1 1 -1 1 -1 #SUP: 1096
1 -1 1 -1 1 -1 1 -1 42 -1 1 -1 1 -1 1 -1 1 -1 #SUP: 972
1 -1 1 -1 1 -1 1 -1 1 -1 41 -1 #SUP: 1013
1 -1 1 -1 1 -1 1 -1 41 -1 1 -1 #SUP: 972
1 -1 1 -1 1 -1 1 -1 41 -1 1 -1 1 -1 #SUP: 941
1 -1 1 -1 1 -1 1 -1 1 -1 40 -1 #SUP: 1244
1 -1 1 -1 1 -1 1 -1 40 -1 1 -1 #SUP: 1167
1 -1 1 -1 1 -1 1 -1 40 -1 1 -1 1 -1 #SUP: 1132
1 -1 1 -1 1 -1 1 -1 40 -1 1 -1 1 -1 1 -1 #SUP: 1086
1 -1 1 -1 1 -1 1 -1 40 -1 1 -1 1 -1 1 -1 1 -1 #SUP: 1037
1 -1 1 -1 1 -1 1 -1 40 -1 1 -1 1 -1 1 -1 1 -1 1 -1 #SUP: 968
1 -1 1 -1 1 -1 1 -1 1 -1 39 -1 #SUP: 1728
1 -1 1 -1 1 -1 1 -1 39 -1 1 -1 #SUP: 1573
1 -1 1 -1 1 -1 1 -1 39 -1 1 -1 1 -1 #SUP: 1453
1 -1 1 -1 1 -1 1 -1 39 -1 1 -1 1 -1 1 -1 #SUP: 1340
1 -1 1 -1 1 -1 1 -1 39 -1 1 -1 1 -1 1 -1 1 -1 #SUP: 1187
1 -1 1 -1 1 -1 1 -1 39 -1 1 -1 1 -1 1 -1 1 -1 1 -1 #SUP: 1039
1 -1 1 -1 1 -1 1 -1 39 -1 1 -1 1 -1 1 -1 1 -1 1 -1 1 -1 #SUP: 911
1 -1 1 -1 1 -1 1 -1 1 -1 36 -1 #SUP: 1339
1 -1 1 -1 1 -1 1 -1 36 -1 1 -1 #SUP: 1367
1 -1 1 -1 1 -1 1 -1 36 -1 1 -1 1 -1 #SUP: 1319
1 -1 1 -1 1 -1 1 -1 36 -1 1 -1 1 -1 1 -1 #SUP: 1264
1 -1 1 -1 1 -1 1 -1 36 -1 1 -1 1 -1 1 -1 1 -1 #SUP: 1184
1 -1 1 -1 1 -1 1 -1 36 -1 1 -1 1 -1 1 -1 1 -1 1 -1 #SUP: 1102
1 -1 1 -1 1 -1 1 -1 36 -1 1 -1 1 -1 1 -1 1 -1 1 -1 1 -1 #SUP: 1004
1 -1 1 -1 1 -1 1 -1 1 -1 35 -1 #SUP: 1668
1 -1 1 -1 1 -1 1 -1 35 -1 1 -1 #SUP: 1574
1 -1 1 -1 1 -1 1 -1 35 -1 1 -1 1 -1 #SUP: 1469
1 -1 1 -1 1 -1 1 -1 35 -1 1 -1 1 -1 1 -1 #SUP: 1355
1 -1 1 -1 1 -1 1 -1 35 -1 1 -1 1 -1 1 -1 1 -1 #SUP: 1223
1 -1 1 -1 1 -1 1 -1 35 -1 1 -1 1 -1 1 -1 1 -1 1 -1 #SUP: 1075
1 -1 1 -1 1 -1 1 -1 35 -1 1 -1 1 -1 1 -1 1 -1 1 -1 1 -1 #SUP: 934
1 -1 1 -1 1 -1 1 -1 1 -1 32 -1 #SUP: 1285
1 -1 1 -1 1 -1 1 -1 32 -1 1 -1 #SUP: 1172
1 -1 1 -1 1 -1 1 -1 32 -1 1 -1 1 -1 #SUP: 1124
1 -1 1 -1 1 -1 1 -1 32 -1 1 -1 1 -1 1 -1 #SUP: 1045
1 -1 1 -1 1 -1 1 -1 32 -1 1 -1 1 -1 1 -1 1 -1 #SUP: 954
1 -1 1 -1 1 -1 1 -1 1 -1 31 -1 #SUP: 1275
1 -1 1 -1 1 -1 1 -1 31 -1 1 -1 #SUP: 1189
1 -1 1 -1 1 -1 1 -1 31 -1 1 -1 1 -1 #SUP: 1130
1 -1 1 -1 1 -1 1 -1 31 -1 1 -1 1 -1 1 -1 #SUP: 1053
1 -1 1 -1 1 -1 1 -1 31 -1 1 -1 1 -1 1 -1 1 -1 #SUP: 974
1 -1 1 -1 1 -1 1 -1 1 -1 30 -1 #SUP: 1582
1 -1 1 -1 1 -1 1 -1 30 -1 1 -1 #SUP: 1312
1 -1 1 -1 1 -1 1 -1 30 -1 1 -1 1 -1 #SUP: 1215
1 -1 1 -1 1 -1 1 -1 30 -1 1 -1 1 -1 1 -1 #SUP: 1107
1 -1 1 -1 1 -1 1 -1 30 -1 1 -1 1 -1 1 -1 1 -1 #SUP: 997
1 -1 1 -1 1 -1 1 -1 1 -1 29 -1 #SUP: 1374
1 -1 1 -1 1 -1 1 -1 29 -1 1 -1 #SUP: 1380
1 -1 1 -1 1 -1 1 -1 29 -1 1 -1 1 -1 #SUP: 1324
1 -1 1 -1 1 -1 1 -1 29 -1 1 -1 1 -1 1 -1 #SUP: 1234
1 -1 1 -1 1 -1 1 -1 29 -1 1 -1 1 -1 1 -1 1 -1 #SUP: 1138
1 -1 1 -1 1 -1 1 -1 29 -1 1 -1 1 -1 1 -1 1 -1 1 -1 #SUP: 1021
1 -1 1 -1 1 -1 1 -1 29 -1 1 -1 1 -1 1 -1 1 -1 1 -1 1 -1 #SUP: 916
1 -1 1 -1 1 -1 1 -1 1 -1 28 -1 #SUP: 966
1 -1 1 -1 1 -1 1 -1 28 -1 1 -1 #SUP: 1047
1 -1 1 -1 1 -1 1 -1 28 -1 1 -1 1 -1 #SUP: 1038
1 -1 1 -1 1 -1 1 -1 28 -1 1 -1 1 -1 1 -1 #SUP: 1011
1 -1 1 -1 1 -1 1 -1 28 -1 1 -1 1 -1 1 -1 1 -1 #SUP: 958
1 -1 1 -1 1 -1 1 -1 1 -1 27 -1 #SUP: 1911
1 -1 1 -1 1 -1 1 -1 27 -1 1 -1 #SUP: 1746
1 -1 1 -1 1 -1 1 -1 27 -1 1 -1 1 -1 #SUP: 1645
1 -1 1 -1 1 -1 1 -1 27 -1 1 -1 1 -1 1 -1 #SUP: 1528
1 -1 1 -1 1 -1 1 -1 27 -1 1 -1 1 -1 1 -1 1 -1 #SUP: 1362
1 -1 1 -1 1 -1 1 -1 27 -1 1 -1 1 -1 1 -1 1 -1 1 -1 #SUP: 1213
1 -1 1 -1 1 -1 1 -1 27 -1 1 -1 1 -1 1 -1 1 -1 1 -1 1 -1 #SUP: 1059
1 -1 1 -1 1 -1 1 -1 27 -1 1 -1 1 -1 1 -1 1 -1 1 -1 1 -1 1 -1 #SUP: 909
1 -1 1 -1 1 -1 1 -1 1 -1 26 -1 #SUP: 1092
1 -1 1 -1 1 -1 1 -1 26 -1 1 -1 #SUP: 902
1 -1 1 -1 1 -1 1 -1 1 -1 25 -1 #SUP: 1276
1 -1 1 -1 1 -1 1 -1 25 -1 1 -1 #SUP: 953
1 -1 1 -1 1 -1 1 -1 1 -1 24 -1 #SUP: 1855
1 -1 1 -1 1 -1 1 -1 24 -1 1 -1 #SUP: 1542
1 -1 1 -1 1 -1 1 -1 24 -1 1 -1 1 -1 #SUP: 1442
1 -1 1 -1 1 -1 1 -1 24 -1 1 -1 1 -1 1 -1 #SUP: 1319
1 -1 1 -1 1 -1 1 -1 24 -1 1 -1 1 -1 1 -1 1 -1 #SUP: 1187
1 -1 1 -1 1 -1 1 -1 24 -1 1 -1 1 -1 1 -1 1 -1 1 -1 #SUP: 1057
1 -1 1 -1 1 -1 1 -1 24 -1 1 -1 1 -1 1 -1 1 -1 1 -1 1 -1 #SUP: 919
1 -1 1 -1 1 -1 1 -1 1 -1 23 -1 #SUP: 1014
1 -1 1 -1 1 -1 1 -1 1 -1 21 -1 #SUP: 933
1 -1 1 -1 1 -1 1 -1 1 -1 20 -1 #SUP: 1239
1 -1 1 -1 1 -1 1 -1 20 -1 1 -1 #SUP: 1108
1 -1 1 -1 1 -1 1 -1 20 -1 1 -1 1 -1 #SUP: 1042
1 -1 1 -1 1 -1 1 -1 20 -1 1 -1 1 -1 1 -1 #SUP: 946
1 -1 1 -1 1 -1 1 -1 1 -1 19 -1 #SUP: 1516
1 -1 1 -1 1 -1 1 -1 19 -1 1 -1 #SUP: 1392
1 -1 1 -1 1 -1 1 -1 19 -1 1 -1 1 -1 #SUP: 1329
1 -1 1 -1 1 -1 1 -1 19 -1 1 -1 1 -1 1 -1 #SUP: 1262
1 -1 1 -1 1 -1 1 -1 19 -1 1 -1 1 -1 1 -1 1 -1 #SUP: 1180
1 -1 1 -1 1 -1 1 -1 19 -1 1 -1 1 -1 1 -1 1 -1 1 -1 #SUP: 1087
1 -1 1 -1 1 -1 1 -1 19 -1 1 -1 1 -1 1 -1 1 -1 1 -1 1 -1 #SUP: 984
1 -1 1 -1 1 -1 1 -1 1 -1 16 -1 #SUP: 1519
1 -1 1 -1 1 -1 1 -1 16 -1 1 -1 #SUP: 1258
1 -1 1 -1 1 -1 1 -1 16 -1 1 -1 1 -1 #SUP: 1184
1 -1 1 -1 1 -1 1 -1 16 -1 1 -1 1 -1 1 -1 #SUP: 1102
1 -1 1 -1 1 -1 1 -1 16 -1 1 -1 1 -1 1 -1 1 -1 #SUP: 998
1 -1 1 -1 1 -1 1 -1 16 -1 1 -1 1 -1 1 -1 1 -1 1 -1 #SUP: 903
1 -1 1 -1 1 -1 1 -1 1 -1 15 -1 #SUP: 1033
1 -1 1 -1 1 -1 1 -1 15 -1 1 -1 #SUP: 1051
1 -1 1 -1 1 -1 1 -1 15 -1 1 -1 1 -1 #SUP: 1015
1 -1 1 -1 1 -1 1 -1 15 -1 1 -1 1 -1 1 -1 #SUP: 954
1 -1 1 -1 1 -1 1 -1 1 -1 14 -1 #SUP: 1922
1 -1 1 -1 1 -1 1 -1 14 -1 1 -1 #SUP: 1591
1 -1 1 -1 1 -1 1 -1 14 -1 1 -1 1 -1 #SUP: 1445
1 -1 1 -1 1 -1 1 -1 14 -1 1 -1 1 -1 1 -1 #SUP: 1309
1 -1 1 -1 1 -1 1 -1 14 -1 1 -1 1 -1 1 -1 1 -1 #SUP: 1175
1 -1 1 -1 1 -1 1 -1 14 -1 1 -1 1 -1 1 -1 1 -1 1 -1 #SUP: 1035
1 -1 1 -1 1 -1 1 -1 14 -1 1 -1 1 -1 1 -1 1 -1 1 -1 1 -1 #SUP: 910
1 -1 1 -1 1 -1 1 -1 1 -1 13 -1 #SUP: 1086
1 -1 1 -1 1 -1 1 -1 13 -1 1 -1 #SUP: 1110
1 -1 1 -1 1 -1 1 -1 13 -1 1 -1 1 -1 #SUP: 1065
1 -1 1 -1 1 -1 1 -1 13 -1 1 -1 1 -1 1 -1 #SUP: 1017
1 -1 1 -1 1 -1 1 -1 13 -1 1 -1 1 -1 1 -1 1 -1 #SUP: 951
1 -1 1 -1 1 -1 1 -1 1 -1 12 -1 #SUP: 984
1 -1 1 -1 1 -1 1 -1 1 -1 11 -1 #SUP: 1001
1 -1 1 -1 1 -1 1 -1 11 -1 1 -1 #SUP: 1035
1 -1 1 -1 1 -1 1 -1 11 -1 1 -1 1 -1 #SUP: 994
1 -1 1 -1 1 -1 1 -1 11 -1 1 -1 1 -1 1 -1 #SUP: 948
1 -1 1 -1 1 -1 1 -1 1 -1 10 -1 #SUP: 1104
1 -1 1 -1 1 -1 1 -1 1 -1 8 -1 #SUP: 1855
1 -1 1 -1 1 -1 1 -1 8 -1 1 -1 #SUP: 1813
1 -1 1 -1 1 -1 1 -1 8 -1 1 -1 1 -1 #SUP: 1759
1 -1 1 -1 1 -1 1 -1 8 -1 1 -1 1 -1 1 -1 #SUP: 1676
1 -1 1 -1 1 -1 1 -1 8 -1 1 -1 1 -1 1 -1 1 -1 #SUP: 1572
1 -1 1 -1 1 -1 1 -1 8 -1 1 -1 1 -1 1 -1 1 -1 1 -1 #SUP: 1433
1 -1 1 -1 1 -1 1 -1 8 -1 1 -1 1 -1 1 -1 1 -1 1 -1 1 -1 #SUP: 1280
1 -1 1 -1 1 -1 1 -1 8 -1 1 -1 1 -1 1 -1 1 -1 1 -1 1 -1 1 -1 #SUP: 1110
1 -1 1 -1 1 -1 1 -1 8 -1 1 -1 1 -1 1 -1 1 -1 1 -1 1 -1 1 -1 1 -1 #SUP: 938
1 -1 1 -1 1 -1 1 -1 1 -1 7 -1 #SUP: 1053
1 -1 1 -1 1 -1 1 -1 7 -1 1 -1 #SUP: 1012
1 -1 1 -1 1 -1 1 -1 7 -1 1 -1 1 -1 #SUP: 962
1 -1 1 -1 1 -1 1 -1 7 -1 1 -1 1 -1 1 -1 #SUP: 907
1 -1 1 -1 1 -1 1 -1 1 -1 6 -1 #SUP: 1158
1 -1 1 -1 1 -1 1 -1 6 -1 1 -1 #SUP: 1080
1 -1 1 -1 1 -1 1 -1 6 -1 1 -1 1 -1 #SUP: 1025
1 -1 1 -1 1 -1 1 -1 6 -1 1 -1 1 -1 1 -1 #SUP: 947
1 -1 1 -1 1 -1 1 -1 1 -1 4 -1 #SUP: 1262
1 -1 1 -1 1 -1 1 -1 4 -1 1 -1 #SUP: 1285
1 -1 1 -1 1 -1 1 -1 4 -1 1 -1 1 -1 #SUP: 1232
1 -1 1 -1 1 -1 1 -1 4 -1 1 -1 1 -1 1 -1 #SUP: 1178
1 -1 1 -1 1 -1 1 -1 4 -1 1 -1 1 -1 1 -1 1 -1 #SUP: 1125
1 -1 1 -1 1 -1 1 -1 4 -1 1 -1 1 -1 1 -1 1 -1 1 -1 #SUP: 1051
1 -1 1 -1 1 -1 1 -1 4 -1 1 -1 1 -1 1 -1 1 -1 1 -1 1 -1 #SUP: 956
1 -1 1 -1 1 -1 1 -1 1 -1 3 -1 #SUP: 1338
1 -1 1 -1 1 -1 1 -1 3 -1 1 -1 #SUP: 1178
1 -1 1 -1 1 -1 1 -1 3 -1 1 -1 1 -1 #SUP: 1103
1 -1 1 -1 1 -1 1 -1 3 -1 1 -1 1 -1 1 -1 #SUP: 1015
1 -1 1 -1 1 -1 1 -1 3 -1 1 -1 1 -1 1 -1 1 -1 #SUP: 938
1 -1 1 -1 1 -1 1 -1 1 -1 2 -1 #SUP: 1094
1 -1 1 -1 1 -1 1 -1 2 -1 1 -1 #SUP: 1034
1 -1 1 -1 1 -1 1 -1 2 -1 1 -1 1 -1 #SUP: 979
1 -1 1 -1 1 -1 1 -1 2 -1 1 -1 1 -1 1 -1 #SUP: 940
1 -1 1 -1 1 -1 1 -1 1 -1 1 -1 #SUP: 10000
1 -1 1 -1 1 -1 1 -1 1 -1 1 -1 1 -1 #SUP: 9999
1 -1 1 -1 1 -1 1 -1 1 -1 2 -1 1 -1 #SUP: 934
1 -1 1 -1 1 -1 1 -1 1 -1 1 -1 2 -1 #SUP: 993
1 -1 1 -1 1 -1 1 -1 1 -1 3 -1 1 -1 #SUP: 1105
1 -1 1 -1 1 -1 1 -1 1 -1 1 -1 3 -1 #SUP: 1262
1 -1 1 -1 1 -1 1 -1 1 -1 4 -1 1 -1 #SUP: 1153
1 -1 1 -1 1 -1 1 -1 1 -1 1 -1 4 -1 #SUP: 1111
1 -1 1 -1 1 -1 1 -1 1 -1 6 -1 1 -1 #SUP: 1007
1 -1 1 -1 1 -1 1 -1 1 -1 1 -1 6 -1 #SUP: 1070
1 -1 1 -1 1 -1 1 -1 1 -1 7 -1 1 -1 #SUP: 927
1 -1 1 -1 1 -1 1 -1 1 -1 1 -1 7 -1 #SUP: 941
1 -1 1 -1 1 -1 1 -1 1 -1 8 -1 1 -1 #SUP: 1698
1 -1 1 -1 1 -1 1 -1 1 -1 1 -1 8 -1 #SUP: 1715
1 -1 1 -1 1 -1 1 -1 1 -1 1 -1 10 -1 #SUP: 1061
1 -1 1 -1 1 -1 1 -1 1 -1 11 -1 1 -1 #SUP: 949
1 -1 1 -1 1 -1 1 -1 1 -1 1 -1 11 -1 #SUP: 911
1 -1 1 -1 1 -1 1 -1 1 -1 1 -1 12 -1 #SUP: 949
1 -1 1 -1 1 -1 1 -1 1 -1 13 -1 1 -1 #SUP: 1017
1 -1 1 -1 1 -1 1 -1 1 -1 1 -1 13 -1 #SUP: 985
1 -1 1 -1 1 -1 1 -1 1 -1 14 -1 1 -1 #SUP: 1516
1 -1 1 -1 1 -1 1 -1 1 -1 1 -1 14 -1 #SUP: 1828
1 -1 1 -1 1 -1 1 -1 1 -1 15 -1 1 -1 #SUP: 978
1 -1 1 -1 1 -1 1 -1 1 -1 1 -1 15 -1 #SUP: 950
1 -1 1 -1 1 -1 1 -1 1 -1 16 -1 1 -1 #SUP: 1177
1 -1 1 -1 1 -1 1 -1 1 -1 1 -1 16 -1 #SUP: 1428
1 -1 1 -1 1 -1 1 -1 1 -1 19 -1 1 -1 #SUP: 1301
1 -1 1 -1 1 -1 1 -1 1 -1 1 -1 19 -1 #SUP: 1420
1 -1 1 -1 1 -1 1 -1 1 -1 20 -1 1 -1 #SUP: 1077
1 -1 1 -1 1 -1 1 -1 1 -1 1 -1 20 -1 #SUP: 1178
1 -1 1 -1 1 -1 1 -1 1 -1 1 -1 23 -1 #SUP: 927
1 -1 1 -1 1 -1 1 -1 1 -1 24 -1 1 -1 #SUP: 1433
1 -1 1 -1 1 -1 1 -1 1 -1 1 -1 24 -1 #SUP: 1733
1 -1 1 -1 1 -1 1 -1 1 -1 25 -1 1 -1 #SUP: 904
1 -1 1 -1 1 -1 1 -1 1 -1 1 -1 25 -1 #SUP: 1204
1 -1 1 -1 1 -1 1 -1 1 -1 1 -1 26 -1 #SUP: 985
1 -1 1 -1 1 -1 1 -1 1 -1 27 -1 1 -1 #SUP: 1654
1 -1 1 -1 1 -1 1 -1 1 -1 1 -1 27 -1 #SUP: 1790
1 -1 1 -1 1 -1 1 -1 1 -1 28 -1 1 -1 #SUP: 964
1 -1 1 -1 1 -1 1 -1 1 -1 29 -1 1 -1 #SUP: 1297
1 -1 1 -1 1 -1 1 -1 1 -1 1 -1 29 -1 #SUP: 1272
1 -1 1 -1 1 -1 1 -1 1 -1 30 -1 1 -1 #SUP: 1248
1 -1 1 -1 1 -1 1 -1 1 -1 1 -1 30 -1 #SUP: 1502
1 -1 1 -1 1 -1 1 -1 1 -1 31 -1 1 -1 #SUP: 1133
1 -1 1 -1 1 -1 1 -1 1 -1 1 -1 31 -1 #SUP: 1201
1 -1 1 -1 1 -1 1 -1 1 -1 32 -1 1 -1 #SUP: 1091
1 -1 1 -1 1 -1 1 -1 1 -1 1 -1 32 -1 #SUP: 1207
1 -1 1 -1 1 -1 1 -1 1 -1 35 -1 1 -1 #SUP: 1480
1 -1 1 -1 1 -1 1 -1 1 -1 1 -1 35 -1 #SUP: 1542
1 -1 1 -1 1 -1 1 -1 1 -1 36 -1 1 -1 #SUP: 1242
1 -1 1 -1 1 -1 1 -1 1 -1 1 -1 36 -1 #SUP: 1204
1 -1 1 -1 1 -1 1 -1 1 -1 39 -1 1 -1 #SUP: 1465
1 -1 1 -1 1 -1 1 -1 1 -1 1 -1 39 -1 #SUP: 1594
1 -1 1 -1 1 -1 1 -1 1 -1 40 -1 1 -1 #SUP: 1050
1 -1 1 -1 1 -1 1 -1 1 -1 1 -1 40 -1 #SUP: 1116
1 -1 1 -1 1 -1 1 -1 1 -1 41 -1 1 -1 #SUP: 900
1 -1 1 -1 1 -1 1 -1 1 -1 1 -1 41 -1 #SUP: 931
1 -1 1 -1 1 -1 1 -1 1 -1 42 -1 1 -1 #SUP: 1251
1 -1 1 -1 1 -1 1 -1 1 -1 1 -1 42 -1 #SUP: 1368
1 -1 1 -1 1 -1 1 -1 1 -1 43 -1 1 -1 #SUP: 1491
1 -1 1 -1 1 -1 1 -1 1 -1 1 -1 43 -1 #SUP: 1949
1 -1 1 -1 1 -1 1 -1 1 -1 44 -1 1 -1 #SUP: 1302
1 -1 1 -1 1 -1 1 -1 1 -1 1 -1 44 -1 #SUP: 1371
1 -1 1 -1 1 -1 1 -1 1 -1 47 -1 1 -1 #SUP: 1274
1 -1 1 -1 1 -1 1 -1 1 -1 1 -1 47 -1 #SUP: 1300
1 -1 1 -1 1 -1 1 -1 1 -1 48 -1 1 -1 #SUP: 1009
1 -1 1 -1 1 -1 1 -1 1 -1 1 -1 48 -1 #SUP: 1131
1 -1 1 -1 1 -1 1 -1 1 -1 49 -1 1 -1 #SUP: 947
1 -1 1 -1 1 -1 1 -1 1 -1 1 -1 49 -1 #SUP: 1002
1 -1 1 -1 1 -1 1 -1 1 -1 50 -1 1 -1 #SUP: 903
1 -1 1 -1 1 -1 1 -1 1 -1 1 -1 50 -1 #SUP: 969
1 -1 1 -1 1 -1 1 -1 1 -1 1 -1 1 -1 49 -1 #SUP: 925
1 -1 1 -1 1 -1 1 -1 1 -1 1 -1 1 -1 48 -1 #SUP: 1055
1 -1 1 -1 1 -1 1 -1 1 -1 1 -1 48 -1 1 -1 #SUP: 967
1 -1 1 -1 1 -1 1 -1 1 -1 1 -1 1 -1 47 -1 #SUP: 1147
1 -1 1 -1 1 -1 1 -1 1 -1 1 -1 47 -1 1 -1 #SUP: 1115
1 -1 1 -1 1 -1 1 -1 1 -1 1 -1 47 -1 1 -1 1 -1 #SUP: 1054
1 -1 1 -1 1 -1 1 -1 1 -1 1 -1 47 -1 1 -1 1 -1 1 -1 #SUP: 1002
1 -1 1 -1 1 -1 1 -1 1 -1 1 -1 47 -1 1 -1 1 -1 1 -1 1 -1 #SUP: 931
1 -1 1 -1 1 -1 1 -1 1 -1 1 -1 1 -1 44 -1 #SUP: 1260
1 -1 1 -1 1 -1 1 -1 1 -1 1 -1 44 -1 1 -1 #SUP: 1219
1 -1 1 -1 1 -1 1 -1 1 -1 1 -1 44 -1 1 -1 1 -1 #SUP: 1166
1 -1 1 -1 1 -1 1 -1 1 -1 1 -1 44 -1 1 -1 1 -1 1 -1 #SUP: 1080
1 -1 1 -1 1 -1 1 -1 1 -1 1 -1 44 -1 1 -1 1 -1 1 -1 1 -1 #SUP: 985
1 -1 1 -1 1 -1 1 -1 1 -1 1 -1 1 -1 43 -1 #SUP: 1871
1 -1 1 -1 1 -1 1 -1 1 -1 1 -1 43 -1 1 -1 #SUP: 1387
1 -1 1 -1 1 -1 1 -1 1 -1 1 -1 43 -1 1 -1 1 -1 #SUP: 1199
1 -1 1 -1 1 -1 1 -1 1 -1 1 -1 43 -1 1 -1 1 -1 1 -1 #SUP: 1038
1 -1 1 -1 1 -1 1 -1 1 -1 1 -1 1 -1 42 -1 #SUP: 1253
1 -1 1 -1 1 -1 1 -1 1 -1 1 -1 42 -1 1 -1 #SUP: 1161
1 -1 1 -1 1 -1 1 -1 1 -1 1 -1 42 -1 1 -1 1 -1 #SUP: 1058
1 -1 1 -1 1 -1 1 -1 1 -1 1 -1 42 -1 1 -1 1 -1 1 -1 #SUP: 942
1 -1 1 -1 1 -1 1 -1 1 -1 1 -1 1 -1 40 -1 #SUP: 984
1 -1 1 -1 1 -1 1 -1 1 -1 1 -1 40 -1 1 -1 #SUP: 922
1 -1 1 -1 1 -1 1 -1 1 -1 1 -1 1 -1 39 -1 #SUP: 1474
1 -1 1 -1 1 -1 1 -1 1 -1 1 -1 39 -1 1 -1 #SUP: 1331
1 -1 1 -1 1 -1 1 -1 1 -1 1 -1 39 -1 1 -1 1 -1 #SUP: 1212
1 -1 1 -1 1 -1 1 -1 1 -1 1 -1 39 -1 1 -1 1 -1 1 -1 #SUP: 1099
1 -1 1 -1 1 -1 1 -1 1 -1 1 -1 39 -1 1 -1 1 -1 1 -1 1 -1 #SUP: 946
1 -1 1 -1 1 -1 1 -1 1 -1 1 -1 1 -1 36 -1 #SUP: 1054
1 -1 1 -1 1 -1 1 -1 1 -1 1 -1 36 -1 1 -1 #SUP: 1107
1 -1 1 -1 1 -1 1 -1 1 -1 1 -1 36 -1 1 -1 1 -1 #SUP: 1059
1 -1 1 -1 1 -1 1 -1 1 -1 1 -1 36 -1 1 -1 1 -1 1 -1 #SUP: 1004
1 -1 1 -1 1 -1 1 -1 1 -1 1 -1 36 -1 1 -1 1 -1 1 -1 1 -1 #SUP: 924
1 -1 1 -1 1 -1 1 -1 1 -1 1 -1 1 -1 35 -1 #SUP: 1424
1 -1 1 -1 1 -1 1 -1 1 -1 1 -1 35 -1 1 -1 #SUP: 1354
1 -1 1 -1 1 -1 1 -1 1 -1 1 -1 35 -1 1 -1 1 -1 #SUP: 1249
1 -1 1 -1 1 -1 1 -1 1 -1 1 -1 35 -1 1 -1 1 -1 1 -1 #SUP: 1135
1 -1 1 -1 1 -1 1 -1 1 -1 1 -1 35 -1 1 -1 1 -1 1 -1 1 -1 #SUP: 1003
1 -1 1 -1 1 -1 1 -1 1 -1 1 -1 1 -1 32 -1 #SUP: 1113
1 -1 1 -1 1 -1 1 -1 1 -1 1 -1 32 -1 1 -1 #SUP: 1013
1 -1 1 -1 1 -1 1 -1 1 -1 1 -1 32 -1 1 -1 1 -1 #SUP: 965
1 -1 1 -1 1 -1 1 -1 1 -1 1 -1 1 -1 31 -1 #SUP: 1105
1 -1 1 -1 1 -1 1 -1 1 -1 1 -1 31 -1 1 -1 #SUP: 1059
1 -1 1 -1 1 -1 1 -1 1 -1 1 -1 31 -1 1 -1 1 -1 #SUP: 1000
1 -1 1 -1 1 -1 1 -1 1 -1 1 -1 31 -1 1 -1 1 -1 1 -1 #SUP: 923
1 -1 1 -1 1 -1 1 -1 1 -1 1 -1 1 -1 30 -1 #SUP: 1427
1 -1 1 -1 1 -1 1 -1 1 -1 1 -1 30 -1 1 -1 #SUP: 1168
1 -1 1 -1 1 -1 1 -1 1 -1 1 -1 30 -1 1 -1 1 -1 #SUP: 1071
1 -1 1 -1 1 -1 1 -1 1 -1 1 -1 30 -1 1 -1 1 -1 1 -1 #SUP: 963
1 -1 1 -1 1 -1 1 -1 1 -1 1 -1 1 -1 29 -1 #SUP: 1156
1 -1 1 -1 1 -1 1 -1 1 -1 1 -1 29 -1 1 -1 #SUP: 1195
1 -1 1 -1 1 -1 1 -1 1 -1 1 -1 29 -1 1 -1 1 -1 #SUP: 1139
1 -1 1 -1 1 -1 1 -1 1 -1 1 -1 29 -1 1 -1 1 -1 1 -1 #SUP: 1049
1 -1 1 -1 1 -1 1 -1 1 -1 1 -1 29 -1 1 -1 1 -1 1 -1 1 -1 #SUP: 953
1 -1 1 -1 1 -1 1 -1 1 -1 1 -1 1 -1 27 -1 #SUP: 1670
1 -1 1 -1 1 -1 1 -1 1 -1 1 -1 27 -1 1 -1 #SUP: 1533
1 -1 1 -1 1 -1 1 -1 1 -1 1 -1 27 -1 1 -1 1 -1 #SUP: 1432
1 -1 1 -1 1 -1 1 -1 1 -1 1 -1 27 -1 1 -1 1 -1 1 -1 #SUP: 1315
1 -1 1 -1 1 -1 1 -1 1 -1 1 -1 27 -1 1 -1 1 -1 1 -1 1 -1 #SUP: 1149
1 -1 1 -1 1 -1 1 -1 1 -1 1 -1 27 -1 1 -1 1 -1 1 -1 1 -1 1 -1 #SUP: 1000
1 -1 1 -1 1 -1 1 -1 1 -1 1 -1 1 -1 25 -1 #SUP: 1132
1 -1 1 -1 1 -1 1 -1 1 -1 1 -1 1 -1 24 -1 #SUP: 1612
1 -1 1 -1 1 -1 1 -1 1 -1 1 -1 24 -1 1 -1 #SUP: 1311
1 -1 1 -1 1 -1 1 -1 1 -1 1 -1 24 -1 1 -1 1 -1 #SUP: 1211
1 -1 1 -1 1 -1 1 -1 1 -1 1 -1 24 -1 1 -1 1 -1 1 -1 #SUP: 1088
1 -1 1 -1 1 -1 1 -1 1 -1 1 -1 24 -1 1 -1 1 -1 1 -1 1 -1 #SUP: 957
1 -1 1 -1 1 -1 1 -1 1 -1 1 -1 1 -1 20 -1 #SUP: 1107
1 -1 1 -1 1 -1 1 -1 1 -1 1 -1 20 -1 1 -1 #SUP: 1016
1 -1 1 -1 1 -1 1 -1 1 -1 1 -1 20 -1 1 -1 1 -1 #SUP: 950
1 -1 1 -1 1 -1 1 -1 1 -1 1 -1 1 -1 19 -1 #SUP: 1311
1 -1 1 -1 1 -1 1 -1 1 -1 1 -1 19 -1 1 -1 #SUP: 1205
1 -1 1 -1 1 -1 1 -1 1 -1 1 -1 19 -1 1 -1 1 -1 #SUP: 1142
1 -1 1 -1 1 -1 1 -1 1 -1 1 -1 19 -1 1 -1 1 -1 1 -1 #SUP: 1074
1 -1 1 -1 1 -1 1 -1 1 -1 1 -1 19 -1 1 -1 1 -1 1 -1 1 -1 #SUP: 992
1 -1 1 -1 1 -1 1 -1 1 -1 1 -1 1 -1 16 -1 #SUP: 1334
1 -1 1 -1 1 -1 1 -1 1 -1 1 -1 16 -1 1 -1 #SUP: 1080
1 -1 1 -1 1 -1 1 -1 1 -1 1 -1 16 -1 1 -1 1 -1 #SUP: 1000
1 -1 1 -1 1 -1 1 -1 1 -1 1 -1 16 -1 1 -1 1 -1 1 -1 #SUP: 911
1 -1 1 -1 1 -1 1 -1 1 -1 1 -1 1 -1 14 -1 #SUP: 1737
1 -1 1 -1 1 -1 1 -1 1 -1 1 -1 14 -1 1 -1 #SUP: 1422
1 -1 1 -1 1 -1 1 -1 1 -1 1 -1 14 -1 1 -1 1 -1 #SUP: 1273
1 -1 1 -1 1 -1 1 -1 1 -1 1 -1 14 -1 1 -1 1 -1 1 -1 #SUP: 1132
1 -1 1 -1 1 -1 1 -1 1 -1 1 -1 14 -1 1 -1 1 -1 1 -1 1 -1 #SUP: 992
1 -1 1 -1 1 -1 1 -1 1 -1 1 -1 13 -1 1 -1 #SUP: 916
1 -1 1 -1 1 -1 1 -1 1 -1 1 -1 1 -1 12 -1 #SUP: 914
1 -1 1 -1 1 -1 1 -1 1 -1 1 -1 1 -1 10 -1 #SUP: 1003
1 -1 1 -1 1 -1 1 -1 1 -1 1 -1 1 -1 8 -1 #SUP: 1554
1 -1 1 -1 1 -1 1 -1 1 -1 1 -1 8 -1 1 -1 #SUP: 1557
1 -1 1 -1 1 -1 1 -1 1 -1 1 -1 8 -1 1 -1 1 -1 #SUP: 1497
1 -1 1 -1 1 -1 1 -1 1 -1 1 -1 8 -1 1 -1 1 -1 1 -1 #SUP: 1408
1 -1 1 -1 1 -1 1 -1 1 -1 1 -1 8 -1 1 -1 1 -1 1 -1 1 -1 #SUP: 1297
1 -1 1 -1 1 -1 1 -1 1 -1 1 -1 8 -1 1 -1 1 -1 1 -1 1 -1 1 -1 #SUP: 1155
1 -1 1 -1 1 -1 1 -1 1 -1 1 -1 8 -1 1 -1 1 -1 1 -1 1 -1 1 -1 1 -1 #SUP: 994
1 -1 1 -1 1 -1 1 -1 1 -1 1 -1 1 -1 6 -1 #SUP: 971
1 -1 1 -1 1 -1 1 -1 1 -1 1 -1 6 -1 1 -1 #SUP: 919
1 -1 1 -1 1 -1 1 -1 1 -1 1 -1 1 -1 4 -1 #SUP: 979
1 -1 1 -1 1 -1 1 -1 1 -1 1 -1 4 -1 1 -1 #SUP: 1002
1 -1 1 -1 1 -1 1 -1 1 -1 1 -1 4 -1 1 -1 1 -1 #SUP: 949
1 -1 1 -1 1 -1 1 -1 1 -1 1 -1 1 -1 3 -1 #SUP: 1174
1 -1 1 -1 1 -1 1 -1 1 -1 1 -1 3 -1 1 -1 #SUP: 1029
1 -1 1 -1 1 -1 1 -1 1 -1 1 -1 3 -1 1 -1 1 -1 #SUP: 953
1 -1 1 -1 1 -1 1 -1 1 -1 1 -1 1 -1 1 -1 #SUP: 9999
1 -1 1 -1 1 -1 1 -1 1 -1 1 -1 1 -1 1 -1 1 -1 #SUP: 9998
1 -1 1 -1 1 -1 1 -1 1 -1 1 -1 1 -1 3 -1 1 -1 #SUP: 940
1 -1 1 -1 1 -1 1 -1 1 -1 1 -1 1 -1 1 -1 3 -1 #SUP: 1070
1 -1 1 -1 1 -1 1 -1 1 -1 1 -1 1 -1 8 -1 1 -1 #SUP: 1394
1 -1 1 -1 1 -1 1 -1 1 -1 1 -1 1 -1 1 -1 8 -1 #SUP: 1395
1 -1 1 -1 1 -1 1 -1 1 -1 1 -1 1 -1 1 -1 10 -1 #SUP: 936
1 -1 1 -1 1 -1 1 -1 1 -1 1 -1 1 -1 14 -1 1 -1 #SUP: 1327
1 -1 1 -1 1 -1 1 -1 1 -1 1 -1 1 -1 1 -1 14 -1 #SUP: 1626
1 -1 1 -1 1 -1 1 -1 1 -1 1 -1 1 -1 16 -1 1 -1 #SUP: 975
1 -1 1 -1 1 -1 1 -1 1 -1 1 -1 1 -1 1 -1 16 -1 #SUP: 1260
1 -1 1 -1 1 -1 1 -1 1 -1 1 -1 1 -1 19 -1 1 -1 #SUP: 1096
1 -1 1 -1 1 -1 1 -1 1 -1 1 -1 1 -1 1 -1 19 -1 #SUP: 1182
1 -1 1 -1 1 -1 1 -1 1 -1 1 -1 1 -1 20 -1 1 -1 #SUP: 945
1 -1 1 -1 1 -1 1 -1 1 -1 1 -1 1 -1 1 -1 20 -1 #SUP: 1010
1 -1 1 -1 1 -1 1 -1 1 -1 1 -1 1 -1 24 -1 1 -1 #SUP: 1190
1 -1 1 -1 1 -1 1 -1 1 -1 1 -1 1 -1 1 -1 24 -1 #SUP: 1487
1 -1 1 -1 1 -1 1 -1 1 -1 1 -1 1 -1 1 -1 25 -1 #SUP: 1048
1 -1 1 -1 1 -1 1 -1 1 -1 1 -1 1 -1 27 -1 1 -1 #SUP: 1413
1 -1 1 -1 1 -1 1 -1 1 -1 1 -1 1 -1 1 -1 27 -1 #SUP: 1536
1 -1 1 -1 1 -1 1 -1 1 -1 1 -1 1 -1 29 -1 1 -1 #SUP: 1079
1 -1 1 -1 1 -1 1 -1 1 -1 1 -1 1 -1 1 -1 29 -1 #SUP: 1014
1 -1 1 -1 1 -1 1 -1 1 -1 1 -1 1 -1 30 -1 1 -1 #SUP: 1090
1 -1 1 -1 1 -1 1 -1 1 -1 1 -1 1 -1 1 -1 30 -1 #SUP: 1344
1 -1 1 -1 1 -1 1 -1 1 -1 1 -1 1 -1 31 -1 1 -1 #SUP: 963
1 -1 1 -1 1 -1 1 -1 1 -1 1 -1 1 -1 1 -1 31 -1 #SUP: 1005
1 -1 1 -1 1 -1 1 -1 1 -1 1 -1 1 -1 32 -1 1 -1 #SUP: 919
1 -1 1 -1 1 -1 1 -1 1 -1 1 -1 1 -1 1 -1 32 -1 #SUP: 1019
1 -1 1 -1 1 -1 1 -1 1 -1 1 -1 1 -1 35 -1 1 -1 #SUP: 1236
1 -1 1 -1 1 -1 1 -1 1 -1 1 -1 1 -1 1 -1 35 -1 #SUP: 1300
1 -1 1 -1 1 -1 1 -1 1 -1 1 -1 1 -1 36 -1 1 -1 #SUP: 957
1 -1 1 -1 1 -1 1 -1 1 -1 1 -1 1 -1 1 -1 36 -1 #SUP: 908
1 -1 1 -1 1 -1 1 -1 1 -1 1 -1 1 -1 39 -1 1 -1 #SUP: 1211
1 -1 1 -1 1 -1 1 -1 1 -1 1 -1 1 -1 1 -1 39 -1 #SUP: 1348
1 -1 1 -1 1 -1 1 -1 1 -1 1 -1 1 -1 42 -1 1 -1 #SUP: 1046
1 -1 1 -1 1 -1 1 -1 1 -1 1 -1 1 -1 1 -1 42 -1 #SUP: 1128
1 -1 1 -1 1 -1 1 -1 1 -1 1 -1 1 -1 43 -1 1 -1 #SUP: 1291
1 -1 1 -1 1 -1 1 -1 1 -1 1 -1 1 -1 1 -1 43 -1 #SUP: 1759
1 -1 1 -1 1 -1 1 -1 1 -1 1 -1 1 -1 44 -1 1 -1 #SUP: 1106
1 -1 1 -1 1 -1 1 -1 1 -1 1 -1 1 -1 1 -1 44 -1 #SUP: 1152
1 -1 1 -1 1 -1 1 -1 1 -1 1 -1 1 -1 47 -1 1 -1 #SUP: 962
1 -1 1 -1 1 -1 1 -1 1 -1 1 -1 1 -1 1 -1 47 -1 #SUP: 1011
1 -1 1 -1 1 -1 1 -1 1 -1 1 -1 1 -1 1 -1 48 -1 #SUP: 992
1 -1 1 -1 1 -1 1 -1 1 -1 1 -1 1 -1 1 -1 1 -1 48 -1 #SUP: 902
1 -1 1 -1 1 -1 1 -1 1 -1 1 -1 1 -1 1 -1 1 -1 44 -1 #SUP: 1041
1 -1 1 -1 1 -1 1 -1 1 -1 1 -1 1 -1 1 -1 44 -1 1 -1 #SUP: 993
1 -1 1 -1 1 -1 1 -1 1 -1 1 -1 1 -1 1 -1 44 -1 1 -1 1 -1 #SUP: 937
1 -1 1 -1 1 -1 1 -1 1 -1 1 -1 1 -1 1 -1 1 -1 43 -1 #SUP: 1641
1 -1 1 -1 1 -1 1 -1 1 -1 1 -1 1 -1 1 -1 43 -1 1 -1 #SUP: 1170
1 -1 1 -1 1 -1 1 -1 1 -1 1 -1 1 -1 1 -1 43 -1 1 -1 1 -1 #SUP: 978
1 -1 1 -1 1 -1 1 -1 1 -1 1 -1 1 -1 1 -1 1 -1 42 -1 #SUP: 1017
1 -1 1 -1 1 -1 1 -1 1 -1 1 -1 1 -1 1 -1 42 -1 1 -1 #SUP: 921
1 -1 1 -1 1 -1 1 -1 1 -1 1 -1 1 -1 1 -1 1 -1 39 -1 #SUP: 1224
1 -1 1 -1 1 -1 1 -1 1 -1 1 -1 1 -1 1 -1 39 -1 1 -1 #SUP: 1085
1 -1 1 -1 1 -1 1 -1 1 -1 1 -1 1 -1 1 -1 39 -1 1 -1 1 -1 #SUP: 966
1 -1 1 -1 1 -1 1 -1 1 -1 1 -1 1 -1 1 -1 1 -1 35 -1 #SUP: 1156
1 -1 1 -1 1 -1 1 -1 1 -1 1 -1 1 -1 1 -1 35 -1 1 -1 #SUP: 1112
1 -1 1 -1 1 -1 1 -1 1 -1 1 -1 1 -1 1 -1 35 -1 1 -1 1 -1 #SUP: 1007
1 -1 1 -1 1 -1 1 -1 1 -1 1 -1 1 -1 1 -1 1 -1 32 -1 #SUP: 902
1 -1 1 -1 1 -1 1 -1 1 -1 1 -1 1 -1 1 -1 1 -1 30 -1 #SUP: 1238
1 -1 1 -1 1 -1 1 -1 1 -1 1 -1 1 -1 1 -1 30 -1 1 -1 #SUP: 1005
1 -1 1 -1 1 -1 1 -1 1 -1 1 -1 1 -1 1 -1 30 -1 1 -1 1 -1 #SUP: 905
1 -1 1 -1 1 -1 1 -1 1 -1 1 -1 1 -1 1 -1 29 -1 1 -1 #SUP: 937
1 -1 1 -1 1 -1 1 -1 1 -1 1 -1 1 -1 1 -1 1 -1 27 -1 #SUP: 1370
1 -1 1 -1 1 -1 1 -1 1 -1 1 -1 1 -1 1 -1 27 -1 1 -1 #SUP: 1279
1 -1 1 -1 1 -1 1 -1 1 -1 1 -1 1 -1 1 -1 27 -1 1 -1 1 -1 #SUP: 1178
1 -1 1 -1 1 -1 1 -1 1 -1 1 -1 1 -1 1 -1 27 -1 1 -1 1 -1 1 -1 #SUP: 1061
1 -1 1 -1 1 -1 1 -1 1 -1 1 -1 1 -1 1 -1 1 -1 25 -1 #SUP: 962
1 -1 1 -1 1 -1 1 -1 1 -1 1 -1 1 -1 1 -1 1 -1 24 -1 #SUP: 1350
1 -1 1 -1 1 -1 1 -1 1 -1 1 -1 1 -1 1 -1 24 -1 1 -1 #SUP: 1065
1 -1 1 -1 1 -1 1 -1 1 -1 1 -1 1 -1 1 -1 24 -1 1 -1 1 -1 #SUP: 965
1 -1 1 -1 1 -1 1 -1 1 -1 1 -1 1 -1 1 -1 1 -1 20 -1 #SUP: 927
1 -1 1 -1 1 -1 1 -1 1 -1 1 -1 1 -1 1 -1 1 -1 19 -1 #SUP: 1059
1 -1 1 -1 1 -1 1 -1 1 -1 1 -1 1 -1 1 -1 19 -1 1 -1 #SUP: 966
1 -1 1 -1 1 -1 1 -1 1 -1 1 -1 1 -1 1 -1 1 -1 16 -1 #SUP: 1175
1 -1 1 -1 1 -1 1 -1 1 -1 1 -1 1 -1 1 -1 1 -1 14 -1 #SUP: 1505
1 -1 1 -1 1 -1 1 -1 1 -1 1 -1 1 -1 1 -1 14 -1 1 -1 #SUP: 1212
1 -1 1 -1 1 -1 1 -1 1 -1 1 -1 1 -1 1 -1 14 -1 1 -1 1 -1 #SUP: 1057
1 -1 1 -1 1 -1 1 -1 1 -1 1 -1 1 -1 1 -1 14 -1 1 -1 1 -1 1 -1 #SUP: 911
1 -1 1 -1 1 -1 1 -1 1 -1 1 -1 1 -1 1 -1 1 -1 8 -1 #SUP: 1237
1 -1 1 -1 1 -1 1 -1 1 -1 1 -1 1 -1 1 -1 8 -1 1 -1 #SUP: 1229
1 -1 1 -1 1 -1 1 -1 1 -1 1 -1 1 -1 1 -1 8 -1 1 -1 1 -1 #SUP: 1163
1 -1 1 -1 1 -1 1 -1 1 -1 1 -1 1 -1 1 -1 8 -1 1 -1 1 -1 1 -1 #SUP: 1064
1 -1 1 -1 1 -1 1 -1 1 -1 1 -1 1 -1 1 -1 8 -1 1 -1 1 -1 1 -1 1 -1 #SUP: 946
1 -1 1 -1 1 -1 1 -1 1 -1 1 -1 1 -1 1 -1 1 -1 3 -1 #SUP: 970
1 -1 1 -1 1 -1 1 -1 1 -1 1 -1 1 -1 1 -1 1 -1 1 -1 #SUP: 9984
1 -1 1 -1 1 -1 1 -1 1 -1 1 -1 1 -1 1 -1 1 -1 1 -1 1 -1 #SUP: 9935
1 -1 1 -1 1 -1 1 -1 1 -1 1 -1 1 -1 1 -1 1 -1 8 -1 1 -1 #SUP: 1065
1 -1 1 -1 1 -1 1 -1 1 -1 1 -1 1 -1 1 -1 1 -1 1 -1 8 -1 #SUP: 1079
1 -1 1 -1 1 -1 1 -1 1 -1 1 -1 1 -1 1 -1 1 -1 14 -1 1 -1 #SUP: 1083
1 -1 1 -1 1 -1 1 -1 1 -1 1 -1 1 -1 1 -1 1 -1 1 -1 14 -1 #SUP: 1380
1 -1 1 -1 1 -1 1 -1 1 -1 1 -1 1 -1 1 -1 1 -1 1 -1 16 -1 #SUP: 1075
1 -1 1 -1 1 -1 1 -1 1 -1 1 -1 1 -1 1 -1 1 -1 1 -1 19 -1 #SUP: 936
1 -1 1 -1 1 -1 1 -1 1 -1 1 -1 1 -1 1 -1 1 -1 24 -1 1 -1 #SUP: 928
1 -1 1 -1 1 -1 1 -1 1 -1 1 -1 1 -1 1 -1 1 -1 1 -1 24 -1 #SUP: 1232
1 -1 1 -1 1 -1 1 -1 1 -1 1 -1 1 -1 1 -1 1 -1 27 -1 1 -1 #SUP: 1114
1 -1 1 -1 1 -1 1 -1 1 -1 1 -1 1 -1 1 -1 1 -1 1 -1 27 -1 #SUP: 1195
1 -1 1 -1 1 -1 1 -1 1 -1 1 -1 1 -1 1 -1 1 -1 1 -1 30 -1 #SUP: 1134
1 -1 1 -1 1 -1 1 -1 1 -1 1 -1 1 -1 1 -1 1 -1 35 -1 1 -1 #SUP: 968
1 -1 1 -1 1 -1 1 -1 1 -1 1 -1 1 -1 1 -1 1 -1 1 -1 35 -1 #SUP: 1008
1 -1 1 -1 1 -1 1 -1 1 -1 1 -1 1 -1 1 -1 1 -1 39 -1 1 -1 #SUP: 961
1 -1 1 -1 1 -1 1 -1 1 -1 1 -1 1 -1 1 -1 1 -1 1 -1 39 -1 #SUP: 1076
1 -1 1 -1 1 -1 1 -1 1 -1 1 -1 1 -1 1 -1 1 -1 43 -1 1 -1 #SUP: 1038
1 -1 1 -1 1 -1 1 -1 1 -1 1 -1 1 -1 1 -1 1 -1 1 -1 43 -1 #SUP: 1518
1 -1 1 -1 1 -1 1 -1 1 -1 1 -1 1 -1 1 -1 1 -1 1 -1 44 -1 #SUP: 931
1 -1 1 -1 1 -1 1 -1 1 -1 1 -1 1 -1 1 -1 1 -1 1 -1 1 -1 43 -1 #SUP: 1375
1 -1 1 -1 1 -1 1 -1 1 -1 1 -1 1 -1 1 -1 1 -1 1 -1 43 -1 1 -1 #SUP: 907
1 -1 1 -1 1 -1 1 -1 1 -1 1 -1 1 -1 1 -1 1 -1 1 -1 1 -1 39 -1 #SUP: 917
1 -1 1 -1 1 -1 1 -1 1 -1 1 -1 1 -1 1 -1 1 -1 1 -1 1 -1 30 -1 #SUP: 1037
1 -1 1 -1 1 -1 1 -1 1 -1 1 -1 1 -1 1 -1 1 -1 1 -1 1 -1 27 -1 #SUP: 1032
1 -1 1 -1 1 -1 1 -1 1 -1 1 -1 1 -1 1 -1 1 -1 1 -1 27 -1 1 -1 #SUP: 940
1 -1 1 -1 1 -1 1 -1 1 -1 1 -1 1 -1 1 -1 1 -1 1 -1 1 -1 24 -1 #SUP: 1100
1 -1 1 -1 1 -1 1 -1 1 -1 1 -1 1 -1 1 -1 1 -1 1 -1 1 -1 16 -1 #SUP: 977
1 -1 1 -1 1 -1 1 -1 1 -1 1 -1 1 -1 1 -1 1 -1 1 -1 1 -1 14 -1 #SUP: 1253
1 -1 1 -1 1 -1 1 -1 1 -1 1 -1 1 -1 1 -1 1 -1 1 -1 14 -1 1 -1 #SUP: 954
1 -1 1 -1 1 -1 1 -1 1 -1 1 -1 1 -1 1 -1 1 -1 1 -1 1 -1 8 -1 #SUP: 930
1 -1 1 -1 1 -1 1 -1 1 -1 1 -1 1 -1 1 -1 1 -1 1 -1 1 -1 1 -1 #SUP: 9823
1 -1 1 -1 1 -1 1 -1 1 -1 1 -1 1 -1 1 -1 1 -1 1 -1 1 -1 1 -1 1 -1 #SUP: 9521
1 -1 1 -1 1 -1 1 -1 1 -1 1 -1 1 -1 1 -1 1 -1 1 -1 1 -1 1 -1 14 -1 #SUP: 1106
1 -1 1 -1 1 -1 1 -1 1 -1 1 -1 1 -1 1 -1 1 -1 1 -1 1 -1 1 -1 24 -1 #SUP: 983
1 -1 1 -1 1 -1 1 -1 1 -1 1 -1 1 -1 1 -1 1 -1 1 -1 1 -1 1 -1 30 -1 #SUP: 932
1 -1 1 -1 1 -1 1 -1 1 -1 1 -1 1 -1 1 -1 1 -1 1 -1 1 -1 1 -1 43 -1 #SUP: 1236
1 -1 1 -1 1 -1 1 -1 1 -1 1 -1 1 -1 1 -1 1 -1 1 -1 1 -1 1 -1 1 -1 43 -1 #SUP: 1049
1 -1 1 -1 1 -1 1 -1 1 -1 1 -1 1 -1 1 -1 1 -1 1 -1 1 -1 1 -1 1 -1 14 -1 #SUP: 946
1 -1 1 -1 1 -1 1 -1 1 -1 1 -1 1 -1 1 -1 1 -1 1 -1 1 -1 1 -1 1 -1 1 -1 #SUP: 8983
1 -1 1 -1 1 -1 1 -1 1 -1 1 -1 1 -1 1 -1 1 -1 1 -1 1 -1 1 -1 1 -1 1 -1 1 -1 #SUP: 8110
1 -1 1 -1 1 -1 1 -1 1 -1 1 -1 1 -1 1 -1 1 -1 1 -1 1 -1 1 -1 1 -1 1 -1 1 -1 1 -1 #SUP: 6925
1 -1 1 -1 1 -1 1 -1 1 -1 1 -1 1 -1 1 -1 1 -1 1 -1 1 -1 1 -1 1 -1 1 -1 1 -1 1 -1 1 -1 #SUP: 5452
1 -1 1 -1 1 -1 1 -1 1 -1 1 -1 1 -1 1 -1 1 -1 1 -1 1 -1 1 -1 1 -1 1 -1 1 -1 1 -1 1 -1 1 -1 #SUP: 3971
1 -1 1 -1 1 -1 1 -1 1 -1 1 -1 1 -1 1 -1 1 -1 1 -1 1 -1 1 -1 1 -1 1 -1 1 -1 1 -1 1 -1 1 -1 1 -1 #SUP: 2566
1 -1 1 -1 1 -1 1 -1 1 -1 1 -1 1 -1 1 -1 1 -1 1 -1 1 -1 1 -1 1 -1 1 -1 1 -1 1 -1 1 -1 1 -1 1 -1 1 -1 #SUP: 1494
1 -1 1 -1 1 -1 1 -1 1 -1 1 -1 1 -1 1 -1 1 -1 8 -1 1 -1 1 -1 #SUP: 992
1 -1 1 -1 1 -1 1 -1 1 -1 1 -1 1 -1 1 -1 1 -1 14 -1 1 -1 1 -1 #SUP: 924
1 -1 1 -1 1 -1 1 -1 1 -1 1 -1 1 -1 1 -1 1 -1 27 -1 1 -1 1 -1 #SUP: 1013
1 -1 1 -1 1 -1 1 -1 1 -1 1 -1 1 -1 8 -1 1 -1 1 -1 #SUP: 1330
1 -1 1 -1 1 -1 1 -1 1 -1 1 -1 1 -1 8 -1 1 -1 1 -1 1 -1 #SUP: 1237
1 -1 1 -1 1 -1 1 -1 1 -1 1 -1 1 -1 8 -1 1 -1 1 -1 1 -1 1 -1 #SUP: 1122
1 -1 1 -1 1 -1 1 -1 1 -1 1 -1 1 -1 8 -1 1 -1 1 -1 1 -1 1 -1 1 -1 #SUP: 974
1 -1 1 -1 1 -1 1 -1 1 -1 1 -1 1 -1 14 -1 1 -1 1 -1 #SUP: 1177
1 -1 1 -1 1 -1 1 -1 1 -1 1 -1 1 -1 14 -1 1 -1 1 -1 1 -1 #SUP: 1035
1 -1 1 -1 1 -1 1 -1 1 -1 1 -1 1 -1 19 -1 1 -1 1 -1 #SUP: 1032
1 -1 1 -1 1 -1 1 -1 1 -1 1 -1 1 -1 19 -1 1 -1 1 -1 1 -1 #SUP: 963
1 -1 1 -1 1 -1 1 -1 1 -1 1 -1 1 -1 24 -1 1 -1 1 -1 #SUP: 1090
1 -1 1 -1 1 -1 1 -1 1 -1 1 -1 1 -1 24 -1 1 -1 1 -1 1 -1 #SUP: 967
1 -1 1 -1 1 -1 1 -1 1 -1 1 -1 1 -1 27 -1 1 -1 1 -1 #SUP: 1312
1 -1 1 -1 1 -1 1 -1 1 -1 1 -1 1 -1 27 -1 1 -1 1 -1 1 -1 #SUP: 1195
1 -1 1 -1 1 -1 1 -1 1 -1 1 -1 1 -1 27 -1 1 -1 1 -1 1 -1 1 -1 #SUP: 1030
1 -1 1 -1 1 -1 1 -1 1 -1 1 -1 1 -1 29 -1 1 -1 1 -1 #SUP: 1023
1 -1 1 -1 1 -1 1 -1 1 -1 1 -1 1 -1 29 -1 1 -1 1 -1 1 -1 #SUP: 933
1 -1 1 -1 1 -1 1 -1 1 -1 1 -1 1 -1 30 -1 1 -1 1 -1 #SUP: 991
1 -1 1 -1 1 -1 1 -1 1 -1 1 -1 1 -1 31 -1 1 -1 1 -1 #SUP: 904
1 -1 1 -1 1 -1 1 -1 1 -1 1 -1 1 -1 35 -1 1 -1 1 -1 #SUP: 1131
1 -1 1 -1 1 -1 1 -1 1 -1 1 -1 1 -1 35 -1 1 -1 1 -1 1 -1 #SUP: 1018
1 -1 1 -1 1 -1 1 -1 1 -1 1 -1 1 -1 36 -1 1 -1 1 -1 #SUP: 909
1 -1 1 -1 1 -1 1 -1 1 -1 1 -1 1 -1 39 -1 1 -1 1 -1 #SUP: 1092
1 -1 1 -1 1 -1 1 -1 1 -1 1 -1 1 -1 39 -1 1 -1 1 -1 1 -1 #SUP: 979
1 -1 1 -1 1 -1 1 -1 1 -1 1 -1 1 -1 42 -1 1 -1 1 -1 #SUP: 943
1 -1 1 -1 1 -1 1 -1 1 -1 1 -1 1 -1 43 -1 1 -1 1 -1 #SUP: 1101
1 -1 1 -1 1 -1 1 -1 1 -1 1 -1 1 -1 43 -1 1 -1 1 -1 1 -1 #SUP: 938
1 -1 1 -1 1 -1 1 -1 1 -1 1 -1 1 -1 44 -1 1 -1 1 -1 #SUP: 1052
1 -1 1 -1 1 -1 1 -1 1 -1 1 -1 1 -1 44 -1 1 -1 1 -1 1 -1 #SUP: 964
1 -1 1 -1 1 -1 1 -1 1 -1 1 -1 1 -1 47 -1 1 -1 1 -1 #SUP: 901
1 -1 1 -1 1 -1 1 -1 1 -1 3 -1 1 -1 1 -1 #SUP: 1029
1 -1 1 -1 1 -1 1 -1 1 -1 3 -1 1 -1 1 -1 1 -1 #SUP: 941
1 -1 1 -1 1 -1 1 -1 1 -1 4 -1 1 -1 1 -1 #SUP: 1100
1 -1 1 -1 1 -1 1 -1 1 -1 4 -1 1 -1 1 -1 1 -1 #SUP: 1046
1 -1 1 -1 1 -1 1 -1 1 -1 4 -1 1 -1 1 -1 1 -1 1 -1 #SUP: 993
1 -1 1 -1 1 -1 1 -1 1 -1 4 -1 1 -1 1 -1 1 -1 1 -1 1 -1 #SUP: 918
1 -1 1 -1 1 -1 1 -1 1 -1 6 -1 1 -1 1 -1 #SUP: 952
1 -1 1 -1 1 -1 1 -1 1 -1 8 -1 1 -1 1 -1 #SUP: 1642
1 -1 1 -1 1 -1 1 -1 1 -1 8 -1 1 -1 1 -1 1 -1 #SUP: 1557
1 -1 1 -1 1 -1 1 -1 1 -1 8 -1 1 -1 1 -1 1 -1 1 -1 #SUP: 1450
1 -1 1 -1 1 -1 1 -1 1 -1 8 -1 1 -1 1 -1 1 -1 1 -1 1 -1 #SUP: 1310
1 -1 1 -1 1 -1 1 -1 1 -1 8 -1 1 -1 1 -1 1 -1 1 -1 1 -1 1 -1 #SUP: 1151
1 -1 1 -1 1 -1 1 -1 1 -1 8 -1 1 -1 1 -1 1 -1 1 -1 1 -1 1 -1 1 -1 #SUP: 980
1 -1 1 -1 1 -1 1 -1 1 -1 11 -1 1 -1 1 -1 #SUP: 908
1 -1 1 -1 1 -1 1 -1 1 -1 13 -1 1 -1 1 -1 #SUP: 972
1 -1 1 -1 1 -1 1 -1 1 -1 13 -1 1 -1 1 -1 1 -1 #SUP: 924
1 -1 1 -1 1 -1 1 -1 1 -1 14 -1 1 -1 1 -1 #SUP: 1369
1 -1 1 -1 1 -1 1 -1 1 -1 14 -1 1 -1 1 -1 1 -1 #SUP: 1233
1 -1 1 -1 1 -1 1 -1 1 -1 14 -1 1 -1 1 -1 1 -1 1 -1 #SUP: 1095
1 -1 1 -1 1 -1 1 -1 1 -1 14 -1 1 -1 1 -1 1 -1 1 -1 1 -1 #SUP: 952
1 -1 1 -1 1 -1 1 -1 1 -1 15 -1 1 -1 1 -1 #SUP: 942
1 -1 1 -1 1 -1 1 -1 1 -1 16 -1 1 -1 1 -1 #SUP: 1100
1 -1 1 -1 1 -1 1 -1 1 -1 16 -1 1 -1 1 -1 1 -1 #SUP: 1016
1 -1 1 -1 1 -1 1 -1 1 -1 16 -1 1 -1 1 -1 1 -1 1 -1 #SUP: 911
1 -1 1 -1 1 -1 1 -1 1 -1 19 -1 1 -1 1 -1 #SUP: 1238
1 -1 1 -1 1 -1 1 -1 1 -1 19 -1 1 -1 1 -1 1 -1 #SUP: 1171
1 -1 1 -1 1 -1 1 -1 1 -1 19 -1 1 -1 1 -1 1 -1 1 -1 #SUP: 1089
1 -1 1 -1 1 -1 1 -1 1 -1 19 -1 1 -1 1 -1 1 -1 1 -1 1 -1 #SUP: 996
1 -1 1 -1 1 -1 1 -1 1 -1 20 -1 1 -1 1 -1 #SUP: 1011
1 -1 1 -1 1 -1 1 -1 1 -1 20 -1 1 -1 1 -1 1 -1 #SUP: 915
1 -1 1 -1 1 -1 1 -1 1 -1 24 -1 1 -1 1 -1 #SUP: 1333
1 -1 1 -1 1 -1 1 -1 1 -1 24 -1 1 -1 1 -1 1 -1 #SUP: 1210
1 -1 1 -1 1 -1 1 -1 1 -1 24 -1 1 -1 1 -1 1 -1 1 -1 #SUP: 1078
1 -1 1 -1 1 -1 1 -1 1 -1 24 -1 1 -1 1 -1 1 -1 1 -1 1 -1 #SUP: 948
1 -1 1 -1 1 -1 1 -1 1 -1 27 -1 1 -1 1 -1 #SUP: 1553
1 -1 1 -1 1 -1 1 -1 1 -1 27 -1 1 -1 1 -1 1 -1 #SUP: 1436
1 -1 1 -1 1 -1 1 -1 1 -1 27 -1 1 -1 1 -1 1 -1 1 -1 #SUP: 1270
1 -1 1 -1 1 -1 1 -1 1 -1 27 -1 1 -1 1 -1 1 -1 1 -1 1 -1 #SUP: 1121
1 -1 1 -1 1 -1 1 -1 1 -1 27 -1 1 -1 1 -1 1 -1 1 -1 1 -1 1 -1 #SUP: 967
1 -1 1 -1 1 -1 1 -1 1 -1 28 -1 1 -1 1 -1 #SUP: 955
1 -1 1 -1 1 -1 1 -1 1 -1 28 -1 1 -1 1 -1 1 -1 #SUP: 928
1 -1 1 -1 1 -1 1 -1 1 -1 29 -1 1 -1 1 -1 #SUP: 1241
1 -1 1 -1 1 -1 1 -1 1 -1 29 -1 1 -1 1 -1 1 -1 #SUP: 1151
1 -1 1 -1 1 -1 1 -1 1 -1 29 -1 1 -1 1 -1 1 -1 1 -1 #SUP: 1055
1 -1 1 -1 1 -1 1 -1 1 -1 29 -1 1 -1 1 -1 1 -1 1 -1 1 -1 #SUP: 938
1 -1 1 -1 1 -1 1 -1 1 -1 30 -1 1 -1 1 -1 #SUP: 1151
1 -1 1 -1 1 -1 1 -1 1 -1 30 -1 1 -1 1 -1 1 -1 #SUP: 1043
1 -1 1 -1 1 -1 1 -1 1 -1 30 -1 1 -1 1 -1 1 -1 1 -1 #SUP: 931
1 -1 1 -1 1 -1 1 -1 1 -1 31 -1 1 -1 1 -1 #SUP: 1074
1 -1 1 -1 1 -1 1 -1 1 -1 31 -1 1 -1 1 -1 1 -1 #SUP: 997
1 -1 1 -1 1 -1 1 -1 1 -1 31 -1 1 -1 1 -1 1 -1 1 -1 #SUP: 918
1 -1 1 -1 1 -1 1 -1 1 -1 32 -1 1 -1 1 -1 #SUP: 1043
1 -1 1 -1 1 -1 1 -1 1 -1 32 -1 1 -1 1 -1 1 -1 #SUP: 964
1 -1 1 -1 1 -1 1 -1 1 -1 35 -1 1 -1 1 -1 #SUP: 1375
1 -1 1 -1 1 -1 1 -1 1 -1 35 -1 1 -1 1 -1 1 -1 #SUP: 1261
1 -1 1 -1 1 -1 1 -1 1 -1 35 -1 1 -1 1 -1 1 -1 1 -1 #SUP: 1129
1 -1 1 -1 1 -1 1 -1 1 -1 35 -1 1 -1 1 -1 1 -1 1 -1 1 -1 #SUP: 981
1 -1 1 -1 1 -1 1 -1 1 -1 36 -1 1 -1 1 -1 #SUP: 1194
1 -1 1 -1 1 -1 1 -1 1 -1 36 -1 1 -1 1 -1 1 -1 #SUP: 1139
1 -1 1 -1 1 -1 1 -1 1 -1 36 -1 1 -1 1 -1 1 -1 1 -1 #SUP: 1059
1 -1 1 -1 1 -1 1 -1 1 -1 36 -1 1 -1 1 -1 1 -1 1 -1 1 -1 #SUP: 977
1 -1 1 -1 1 -1 1 -1 1 -1 39 -1 1 -1 1 -1 #SUP: 1345
1 -1 1 -1 1 -1 1 -1 1 -1 39 -1 1 -1 1 -1 1 -1 #SUP: 1232
1 -1 1 -1 1 -1 1 -1 1 -1 39 -1 1 -1 1 -1 1 -1 1 -1 #SUP: 1079
1 -1 1 -1 1 -1 1 -1 1 -1 39 -1 1 -1 1 -1 1 -1 1 -1 1 -1 #SUP: 931
1 -1 1 -1 1 -1 1 -1 1 -1 40 -1 1 -1 1 -1 #SUP: 1015
1 -1 1 -1 1 -1 1 -1 1 -1 40 -1 1 -1 1 -1 1 -1 #SUP: 969
1 -1 1 -1 1 -1 1 -1 1 -1 40 -1 1 -1 1 -1 1 -1 1 -1 #SUP: 920
1 -1 1 -1 1 -1 1 -1 1 -1 42 -1 1 -1 1 -1 #SUP: 1148
1 -1 1 -1 1 -1 1 -1 1 -1 42 -1 1 -1 1 -1 1 -1 #SUP: 1032
1 -1 1 -1 1 -1 1 -1 1 -1 42 -1 1 -1 1 -1 1 -1 1 -1 #SUP: 908
1 -1 1 -1 1 -1 1 -1 1 -1 43 -1 1 -1 1 -1 #SUP: 1304
1 -1 1 -1 1 -1 1 -1 1 -1 43 -1 1 -1 1 -1 1 -1 #SUP: 1144
1 -1 1 -1 1 -1 1 -1 1 -1 43 -1 1 -1 1 -1 1 -1 1 -1 #SUP: 1000
1 -1 1 -1 1 -1 1 -1 1 -1 44 -1 1 -1 1 -1 #SUP: 1251
1 -1 1 -1 1 -1 1 -1 1 -1 44 -1 1 -1 1 -1 1 -1 #SUP: 1165
1 -1 1 -1 1 -1 1 -1 1 -1 44 -1 1 -1 1 -1 1 -1 1 -1 #SUP: 1073
1 -1 1 -1 1 -1 1 -1 1 -1 44 -1 1 -1 1 -1 1 -1 1 -1 1 -1 #SUP: 952
1 -1 1 -1 1 -1 1 -1 1 -1 47 -1 1 -1 1 -1 #SUP: 1213
1 -1 1 -1 1 -1 1 -1 1 -1 47 -1 1 -1 1 -1 1 -1 #SUP: 1161
1 -1 1 -1 1 -1 1 -1 1 -1 47 -1 1 -1 1 -1 1 -1 1 -1 #SUP: 1090
1 -1 1 -1 1 -1 1 -1 1 -1 47 -1 1 -1 1 -1 1 -1 1 -1 1 -1 #SUP: 1010
1 -1 1 -1 1 -1 1 -1 1 -1 47 -1 1 -1 1 -1 1 -1 1 -1 1 -1 1 -1 #SUP: 910
1 -1 1 -1 1 -1 1 -1 1 -1 48 -1 1 -1 1 -1 #SUP: 919
1 -1 1 -1 1 -1 2 -1 1 -1 1 -1 #SUP: 1054
1 -1 1 -1 1 -1 2 -1 1 -1 1 -1 1 -1 #SUP: 1015
1 -1 1 -1 1 -1 2 -1 1 -1 1 -1 1 -1 1 -1 #SUP: 946
1 -1 1 -1 1 -1 3 -1 1 -1 1 -1 #SUP: 1159
1 -1 1 -1 1 -1 3 -1 1 -1 1 -1 1 -1 #SUP: 1071
1 -1 1 -1 1 -1 3 -1 1 -1 1 -1 1 -1 1 -1 #SUP: 996
1 -1 1 -1 1 -1 3 -1 1 -1 1 -1 1 -1 1 -1 1 -1 #SUP: 904
1 -1 1 -1 1 -1 4 -1 1 -1 1 -1 #SUP: 1354
1 -1 1 -1 1 -1 4 -1 1 -1 1 -1 1 -1 #SUP: 1300
1 -1 1 -1 1 -1 4 -1 1 -1 1 -1 1 -1 1 -1 #SUP: 1247
1 -1 1 -1 1 -1 4 -1 1 -1 1 -1 1 -1 1 -1 1 -1 #SUP: 1173
1 -1 1 -1 1 -1 4 -1 1 -1 1 -1 1 -1 1 -1 1 -1 1 -1 #SUP: 1078
1 -1 1 -1 1 -1 4 -1 1 -1 1 -1 1 -1 1 -1 1 -1 1 -1 1 -1 #SUP: 986
1 -1 1 -1 1 -1 6 -1 1 -1 1 -1 #SUP: 1084
1 -1 1 -1 1 -1 6 -1 1 -1 1 -1 1 -1 #SUP: 1006
1 -1 1 -1 1 -1 6 -1 1 -1 1 -1 1 -1 1 -1 #SUP: 925
1 -1 1 -1 1 -1 7 -1 1 -1 1 -1 #SUP: 1055
1 -1 1 -1 1 -1 7 -1 1 -1 1 -1 1 -1 #SUP: 1000
1 -1 1 -1 1 -1 7 -1 1 -1 1 -1 1 -1 1 -1 #SUP: 928
1 -1 1 -1 1 -1 8 -1 1 -1 1 -1 #SUP: 1848
1 -1 1 -1 1 -1 8 -1 1 -1 1 -1 1 -1 #SUP: 1765
1 -1 1 -1 1 -1 8 -1 1 -1 1 -1 1 -1 1 -1 #SUP: 1662
1 -1 1 -1 1 -1 8 -1 1 -1 1 -1 1 -1 1 -1 1 -1 #SUP: 1526
1 -1 1 -1 1 -1 8 -1 1 -1 1 -1 1 -1 1 -1 1 -1 1 -1 #SUP: 1376
1 -1 1 -1 1 -1 8 -1 1 -1 1 -1 1 -1 1 -1 1 -1 1 -1 1 -1 #SUP: 1206
1 -1 1 -1 1 -1 8 -1 1 -1 1 -1 1 -1 1 -1 1 -1 1 -1 1 -1 1 -1 #SUP: 1032
1 -1 1 -1 1 -1 11 -1 1 -1 1 -1 #SUP: 1039
1 -1 1 -1 1 -1 11 -1 1 -1 1 -1 1 -1 #SUP: 993
1 -1 1 -1 1 -1 11 -1 1 -1 1 -1 1 -1 1 -1 #SUP: 935
1 -1 1 -1 1 -1 13 -1 1 -1 1 -1 #SUP: 1138
1 -1 1 -1 1 -1 13 -1 1 -1 1 -1 1 -1 #SUP: 1090
1 -1 1 -1 1 -1 13 -1 1 -1 1 -1 1 -1 1 -1 #SUP: 1024
1 -1 1 -1 1 -1 13 -1 1 -1 1 -1 1 -1 1 -1 1 -1 #SUP: 944
1 -1 1 -1 1 -1 14 -1 1 -1 1 -1 #SUP: 1516
1 -1 1 -1 1 -1 14 -1 1 -1 1 -1 1 -1 #SUP: 1382
1 -1 1 -1 1 -1 14 -1 1 -1 1 -1 1 -1 1 -1 #SUP: 1250
1 -1 1 -1 1 -1 14 -1 1 -1 1 -1 1 -1 1 -1 1 -1 #SUP: 1112
1 -1 1 -1 1 -1 14 -1 1 -1 1 -1 1 -1 1 -1 1 -1 1 -1 #SUP: 989
1 -1 1 -1 1 -1 15 -1 1 -1 1 -1 #SUP: 1067
1 -1 1 -1 1 -1 15 -1 1 -1 1 -1 1 -1 #SUP: 1006
1 -1 1 -1 1 -1 15 -1 1 -1 1 -1 1 -1 1 -1 #SUP: 924
1 -1 1 -1 1 -1 16 -1 1 -1 1 -1 #SUP: 1251
1 -1 1 -1 1 -1 16 -1 1 -1 1 -1 1 -1 #SUP: 1173
1 -1 1 -1 1 -1 16 -1 1 -1 1 -1 1 -1 1 -1 #SUP: 1075
1 -1 1 -1 1 -1 16 -1 1 -1 1 -1 1 -1 1 -1 1 -1 #SUP: 983
1 -1 1 -1 1 -1 19 -1 1 -1 1 -1 #SUP: 1397
1 -1 1 -1 1 -1 19 -1 1 -1 1 -1 1 -1 #SUP: 1330
1 -1 1 -1 1 -1 19 -1 1 -1 1 -1 1 -1 1 -1 #SUP: 1248
1 -1 1 -1 1 -1 19 -1 1 -1 1 -1 1 -1 1 -1 1 -1 #SUP: 1155
1 -1 1 -1 1 -1 19 -1 1 -1 1 -1 1 -1 1 -1 1 -1 1 -1 #SUP: 1054
1 -1 1 -1 1 -1 19 -1 1 -1 1 -1 1 -1 1 -1 1 -1 1 -1 1 -1 #SUP: 925
1 -1 1 -1 1 -1 20 -1 1 -1 1 -1 #SUP: 1089
1 -1 1 -1 1 -1 20 -1 1 -1 1 -1 1 -1 #SUP: 993
1 -1 1 -1 1 -1 23 -1 1 -1 1 -1 #SUP: 907
1 -1 1 -1 1 -1 24 -1 1 -1 1 -1 #SUP: 1539
1 -1 1 -1 1 -1 24 -1 1 -1 1 -1 1 -1 #SUP: 1416
1 -1 1 -1 1 -1 24 -1 1 -1 1 -1 1 -1 1 -1 #SUP: 1284
1 -1 1 -1 1 -1 24 -1 1 -1 1 -1 1 -1 1 -1 1 -1 #SUP: 1154
1 -1 1 -1 1 -1 24 -1 1 -1 1 -1 1 -1 1 -1 1 -1 1 -1 #SUP: 1016
1 -1 1 -1 1 -1 25 -1 1 -1 1 -1 #SUP: 927
1 -1 1 -1 1 -1 26 -1 1 -1 1 -1 #SUP: 987
1 -1 1 -1 1 -1 26 -1 1 -1 1 -1 1 -1 #SUP: 950
1 -1 1 -1 1 -1 26 -1 1 -1 1 -1 1 -1 1 -1 #SUP: 914
1 -1 1 -1 1 -1 27 -1 1 -1 1 -1 #SUP: 1707
1 -1 1 -1 1 -1 27 -1 1 -1 1 -1 1 -1 #SUP: 1590
1 -1 1 -1 1 -1 27 -1 1 -1 1 -1 1 -1 1 -1 #SUP: 1424
1 -1 1 -1 1 -1 27 -1 1 -1 1 -1 1 -1 1 -1 1 -1 #SUP: 1275
1 -1 1 -1 1 -1 27 -1 1 -1 1 -1 1 -1 1 -1 1 -1 1 -1 #SUP: 1121
1 -1 1 -1 1 -1 27 -1 1 -1 1 -1 1 -1 1 -1 1 -1 1 -1 1 -1 #SUP: 971
1 -1 1 -1 1 -1 28 -1 1 -1 1 -1 #SUP: 1099
1 -1 1 -1 1 -1 28 -1 1 -1 1 -1 1 -1 #SUP: 1072
1 -1 1 -1 1 -1 28 -1 1 -1 1 -1 1 -1 1 -1 #SUP: 1019
1 -1 1 -1 1 -1 28 -1 1 -1 1 -1 1 -1 1 -1 1 -1 #SUP: 949
1 -1 1 -1 1 -1 29 -1 1 -1 1 -1 #SUP: 1391
1 -1 1 -1 1 -1 29 -1 1 -1 1 -1 1 -1 #SUP: 1301
1 -1 1 -1 1 -1 29 -1 1 -1 1 -1 1 -1 1 -1 #SUP: 1205
1 -1 1 -1 1 -1 29 -1 1 -1 1 -1 1 -1 1 -1 1 -1 #SUP: 1088
1 -1 1 -1 1 -1 29 -1 1 -1 1 -1 1 -1 1 -1 1 -1 1 -1 #SUP: 983
1 -1 1 -1 1 -1 30 -1 1 -1 1 -1 #SUP: 1275
1 -1 1 -1 1 -1 30 -1 1 -1 1 -1 1 -1 #SUP: 1168
1 -1 1 -1 1 -1 30 -1 1 -1 1 -1 1 -1 1 -1 #SUP: 1060
1 -1 1 -1 1 -1 30 -1 1 -1 1 -1 1 -1 1 -1 1 -1 #SUP: 959
1 -1 1 -1 1 -1 31 -1 1 -1 1 -1 #SUP: 1166
1 -1 1 -1 1 -1 31 -1 1 -1 1 -1 1 -1 #SUP: 1089
1 -1 1 -1 1 -1 31 -1 1 -1 1 -1 1 -1 1 -1 #SUP: 1010
1 -1 1 -1 1 -1 32 -1 1 -1 1 -1 #SUP: 1197
1 -1 1 -1 1 -1 32 -1 1 -1 1 -1 1 -1 #SUP: 1118
1 -1 1 -1 1 -1 32 -1 1 -1 1 -1 1 -1 1 -1 #SUP: 1027
1 -1 1 -1 1 -1 32 -1 1 -1 1 -1 1 -1 1 -1 1 -1 #SUP: 932
1 -1 1 -1 1 -1 35 -1 1 -1 1 -1 #SUP: 1553
1 -1 1 -1 1 -1 35 -1 1 -1 1 -1 1 -1 #SUP: 1439
1 -1 1 -1 1 -1 35 -1 1 -1 1 -1 1 -1 1 -1 #SUP: 1307
1 -1 1 -1 1 -1 35 -1 1 -1 1 -1 1 -1 1 -1 1 -1 #SUP: 1159
1 -1 1 -1 1 -1 35 -1 1 -1 1 -1 1 -1 1 -1 1 -1 1 -1 #SUP: 1018
1 -1 1 -1 1 -1 36 -1 1 -1 1 -1 #SUP: 1449
1 -1 1 -1 1 -1 36 -1 1 -1 1 -1 1 -1 #SUP: 1394
1 -1 1 -1 1 -1 36 -1 1 -1 1 -1 1 -1 1 -1 #SUP: 1314
1 -1 1 -1 1 -1 36 -1 1 -1 1 -1 1 -1 1 -1 1 -1 #SUP: 1232
1 -1 1 -1 1 -1 36 -1 1 -1 1 -1 1 -1 1 -1 1 -1 1 -1 #SUP: 1134
1 -1 1 -1 1 -1 36 -1 1 -1 1 -1 1 -1 1 -1 1 -1 1 -1 1 -1 #SUP: 1022
1 -1 1 -1 1 -1 36 -1 1 -1 1 -1 1 -1 1 -1 1 -1 1 -1 1 -1 1 -1 #SUP: 901
1 -1 1 -1 1 -1 39 -1 1 -1 1 -1 #SUP: 1533
1 -1 1 -1 1 -1 39 -1 1 -1 1 -1 1 -1 #SUP: 1420
1 -1 1 -1 1 -1 39 -1 1 -1 1 -1 1 -1 1 -1 #SUP: 1267
1 -1 1 -1 1 -1 39 -1 1 -1 1 -1 1 -1 1 -1 1 -1 #SUP: 1119
1 -1 1 -1 1 -1 39 -1 1 -1 1 -1 1 -1 1 -1 1 -1 1 -1 #SUP: 991
1 -1 1 -1 1 -1 40 -1 1 -1 1 -1 #SUP: 1219
1 -1 1 -1 1 -1 40 -1 1 -1 1 -1 1 -1 #SUP: 1173
1 -1 1 -1 1 -1 40 -1 1 -1 1 -1 1 -1 1 -1 #SUP: 1124
1 -1 1 -1 1 -1 40 -1 1 -1 1 -1 1 -1 1 -1 1 -1 #SUP: 1055
1 -1 1 -1 1 -1 40 -1 1 -1 1 -1 1 -1 1 -1 1 -1 1 -1 #SUP: 978
1 -1 1 -1 1 -1 41 -1 1 -1 1 -1 #SUP: 1002
1 -1 1 -1 1 -1 41 -1 1 -1 1 -1 1 -1 #SUP: 950
1 -1 1 -1 1 -1 42 -1 43 -1 #SUP: 954
1 -1 1 -1 1 -1 42 -1 1 -1 1 -1 #SUP: 1286
1 -1 1 -1 1 -1 42 -1 1 -1 1 -1 1 -1 #SUP: 1170
1 -1 1 -1 1 -1 42 -1 1 -1 1 -1 1 -1 1 -1 #SUP: 1046
1 -1 1 -1 1 -1 42 -1 1 -1 1 -1 1 -1 1 -1 1 -1 #SUP: 923
1 -1 1 -1 1 -1 43 -1 1 -1 1 -1 #SUP: 1465
1 -1 1 -1 1 -1 43 -1 1 -1 1 -1 1 -1 #SUP: 1308
1 -1 1 -1 1 -1 43 -1 1 -1 1 -1 1 -1 1 -1 #SUP: 1166
1 -1 1 -1 1 -1 43 -1 1 -1 1 -1 1 -1 1 -1 1 -1 #SUP: 1010
1 -1 1 -1 1 -1 44 -1 1 -1 1 -1 #SUP: 1364
1 -1 1 -1 1 -1 44 -1 1 -1 1 -1 1 -1 #SUP: 1281
1 -1 1 -1 1 -1 44 -1 1 -1 1 -1 1 -1 1 -1 #SUP: 1192
1 -1 1 -1 1 -1 44 -1 1 -1 1 -1 1 -1 1 -1 1 -1 #SUP: 1076
1 -1 1 -1 1 -1 44 -1 1 -1 1 -1 1 -1 1 -1 1 -1 1 -1 #SUP: 944
1 -1 1 -1 1 -1 47 -1 1 -1 1 -1 #SUP: 1454
1 -1 1 -1 1 -1 47 -1 1 -1 1 -1 1 -1 #SUP: 1402
1 -1 1 -1 1 -1 47 -1 1 -1 1 -1 1 -1 1 -1 #SUP: 1331
1 -1 1 -1 1 -1 47 -1 1 -1 1 -1 1 -1 1 -1 1 -1 #SUP: 1251
1 -1 1 -1 1 -1 47 -1 1 -1 1 -1 1 -1 1 -1 1 -1 1 -1 #SUP: 1150
1 -1 1 -1 1 -1 47 -1 1 -1 1 -1 1 -1 1 -1 1 -1 1 -1 1 -1 #SUP: 1019
1 -1 1 -1 1 -1 48 -1 1 -1 1 -1 #SUP: 1025
1 -1 1 -1 1 -1 48 -1 1 -1 1 -1 1 -1 #SUP: 923
1 -1 1 -1 1 -1 49 -1 1 -1 1 -1 #SUP: 1039
1 -1 1 -1 1 -1 49 -1 1 -1 1 -1 1 -1 #SUP: 962
1 -1 1 -1 1 -1 50 -1 1 -1 1 -1 #SUP: 1013
1 -1 1 -1 1 -1 50 -1 1 -1 1 -1 1 -1 #SUP: 958
1 -1 1 -1 1 -1 50 -1 1 -1 1 -1 1 -1 1 -1 #SUP: 907
1 -1 2 -1 1 -1 1 -1 #SUP: 1158
1 -1 2 -1 1 -1 1 -1 1 -1 #SUP: 1119
1 -1 2 -1 1 -1 1 -1 1 -1 1 -1 #SUP: 1050
1 -1 2 -1 1 -1 1 -1 1 -1 1 -1 1 -1 #SUP: 990
1 -1 2 -1 1 -1 1 -1 1 -1 1 -1 1 -1 1 -1 #SUP: 916
1 -1 3 -1 1 -1 1 -1 #SUP: 1255
1 -1 3 -1 1 -1 1 -1 1 -1 #SUP: 1167
1 -1 3 -1 1 -1 1 -1 1 -1 1 -1 #SUP: 1092
1 -1 3 -1 1 -1 1 -1 1 -1 1 -1 1 -1 #SUP: 1000
1 -1 3 -1 1 -1 1 -1 1 -1 1 -1 1 -1 1 -1 #SUP: 935
1 -1 4 -1 1 -1 1 -1 #SUP: 1538
1 -1 4 -1 1 -1 1 -1 1 -1 #SUP: 1484
1 -1 4 -1 1 -1 1 -1 1 -1 1 -1 #SUP: 1431
1 -1 4 -1 1 -1 1 -1 1 -1 1 -1 1 -1 #SUP: 1357
1 -1 4 -1 1 -1 1 -1 1 -1 1 -1 1 -1 1 -1 #SUP: 1262
1 -1 4 -1 1 -1 1 -1 1 -1 1 -1 1 -1 1 -1 1 -1 #SUP: 1170
1 -1 4 -1 1 -1 1 -1 1 -1 1 -1 1 -1 1 -1 1 -1 1 -1 #SUP: 1049
1 -1 4 -1 1 -1 1 -1 1 -1 1 -1 1 -1 1 -1 1 -1 1 -1 1 -1 #SUP: 940
1 -1 6 -1 1 -1 1 -1 #SUP: 1159
1 -1 6 -1 1 -1 1 -1 1 -1 #SUP: 1081
1 -1 6 -1 1 -1 1 -1 1 -1 1 -1 #SUP: 1000
1 -1 6 -1 1 -1 1 -1 1 -1 1 -1 1 -1 #SUP: 929
1 -1 7 -1 1 -1 1 -1 #SUP: 1194
1 -1 7 -1 1 -1 1 -1 1 -1 #SUP: 1139
1 -1 7 -1 1 -1 1 -1 1 -1 1 -1 #SUP: 1067
1 -1 7 -1 1 -1 1 -1 1 -1 1 -1 1 -1 #SUP: 994
1 -1 7 -1 1 -1 1 -1 1 -1 1 -1 1 -1 1 -1 #SUP: 921
1 -1 8 -1 1 -1 1 -1 #SUP: 1968
1 -1 8 -1 1 -1 1 -1 1 -1 #SUP: 1886
1 -1 8 -1 1 -1 1 -1 1 -1 1 -1 #SUP: 1785
1 -1 8 -1 1 -1 1 -1 1 -1 1 -1 1 -1 #SUP: 1648
1 -1 8 -1 1 -1 1 -1 1 -1 1 -1 1 -1 1 -1 #SUP: 1498
1 -1 8 -1 1 -1 1 -1 1 -1 1 -1 1 -1 1 -1 1 -1 #SUP: 1329
1 -1 8 -1 1 -1 1 -1 1 -1 1 -1 1 -1 1 -1 1 -1 1 -1 #SUP: 1157
1 -1 8 -1 1 -1 1 -1 1 -1 1 -1 1 -1 1 -1 1 -1 1 -1 1 -1 #SUP: 977
1 -1 11 -1 1 -1 1 -1 #SUP: 1100
1 -1 11 -1 1 -1 1 -1 1 -1 #SUP: 1054
1 -1 11 -1 1 -1 1 -1 1 -1 1 -1 #SUP: 996
1 -1 11 -1 1 -1 1 -1 1 -1 1 -1 1 -1 #SUP: 913
1 -1 13 -1 1 -1 1 -1 #SUP: 1247
1 -1 13 -1 1 -1 1 -1 1 -1 #SUP: 1199
1 -1 13 -1 1 -1 1 -1 1 -1 1 -1 #SUP: 1133
1 -1 13 -1 1 -1 1 -1 1 -1 1 -1 1 -1 #SUP: 1053
1 -1 13 -1 1 -1 1 -1 1 -1 1 -1 1 -1 1 -1 #SUP: 964
1 -1 14 -1 1 -1 1 -1 #SUP: 1648
1 -1 14 -1 1 -1 1 -1 1 -1 #SUP: 1514
1 -1 14 -1 1 -1 1 -1 1 -1 1 -1 #SUP: 1383
1 -1 14 -1 1 -1 1 -1 1 -1 1 -1 1 -1 #SUP: 1245
1 -1 14 -1 1 -1 1 -1 1 -1 1 -1 1 -1 1 -1 #SUP: 1126
1 -1 14 -1 1 -1 1 -1 1 -1 1 -1 1 -1 1 -1 1 -1 #SUP: 1019
1 -1 14 -1 1 -1 1 -1 1 -1 1 -1 1 -1 1 -1 1 -1 1 -1 #SUP: 911
1 -1 15 -1 1 -1 1 -1 #SUP: 1113
1 -1 15 -1 1 -1 1 -1 1 -1 #SUP: 1052
1 -1 15 -1 1 -1 1 -1 1 -1 1 -1 #SUP: 970
1 -1 16 -1 1 -1 1 -1 #SUP: 1356
1 -1 16 -1 1 -1 1 -1 1 -1 #SUP: 1281
1 -1 16 -1 1 -1 1 -1 1 -1 1 -1 #SUP: 1185
1 -1 16 -1 1 -1 1 -1 1 -1 1 -1 1 -1 #SUP: 1094
1 -1 16 -1 1 -1 1 -1 1 -1 1 -1 1 -1 1 -1 #SUP: 1011
1 -1 16 -1 1 -1 1 -1 1 -1 1 -1 1 -1 1 -1 1 -1 #SUP: 910
1 -1 19 -1 1 -1 1 -1 #SUP: 1485
1 -1 19 -1 1 -1 1 -1 1 -1 #SUP: 1418
1 -1 19 -1 1 -1 1 -1 1 -1 1 -1 #SUP: 1336
1 -1 19 -1 1 -1 1 -1 1 -1 1 -1 1 -1 #SUP: 1243
1 -1 19 -1 1 -1 1 -1 1 -1 1 -1 1 -1 1 -1 #SUP: 1142
1 -1 19 -1 1 -1 1 -1 1 -1 1 -1 1 -1 1 -1 1 -1 #SUP: 1013
1 -1 19 -1 1 -1 1 -1 1 -1 1 -1 1 -1 1 -1 1 -1 1 -1 #SUP: 901
1 -1 20 -1 1 -1 1 -1 #SUP: 1150
1 -1 20 -1 1 -1 1 -1 1 -1 #SUP: 1054
1 -1 20 -1 1 -1 1 -1 1 -1 1 -1 #SUP: 959
1 -1 23 -1 1 -1 1 -1 #SUP: 1047
1 -1 23 -1 1 -1 1 -1 1 -1 #SUP: 985
1 -1 23 -1 1 -1 1 -1 1 -1 1 -1 #SUP: 931
1 -1 24 -1 1 -1 1 -1 #SUP: 1692
1 -1 24 -1 1 -1 1 -1 1 -1 #SUP: 1569
1 -1 24 -1 1 -1 1 -1 1 -1 1 -1 #SUP: 1437
1 -1 24 -1 1 -1 1 -1 1 -1 1 -1 1 -1 #SUP: 1307
1 -1 24 -1 1 -1 1 -1 1 -1 1 -1 1 -1 1 -1 #SUP: 1169
1 -1 24 -1 1 -1 1 -1 1 -1 1 -1 1 -1 1 -1 1 -1 #SUP: 1047
1 -1 24 -1 1 -1 1 -1 1 -1 1 -1 1 -1 1 -1 1 -1 1 -1 #SUP: 911
1 -1 25 -1 1 -1 1 -1 #SUP: 986
1 -1 25 -1 1 -1 1 -1 1 -1 #SUP: 925
1 -1 26 -1 1 -1 1 -1 #SUP: 1199
1 -1 26 -1 1 -1 1 -1 1 -1 #SUP: 1165
1 -1 26 -1 1 -1 1 -1 1 -1 1 -1 #SUP: 1129
1 -1 26 -1 1 -1 1 -1 1 -1 1 -1 1 -1 #SUP: 1099
1 -1 26 -1 1 -1 1 -1 1 -1 1 -1 1 -1 1 -1 #SUP: 1059
1 -1 26 -1 1 -1 1 -1 1 -1 1 -1 1 -1 1 -1 1 -1 #SUP: 1005
1 -1 26 -1 1 -1 1 -1 1 -1 1 -1 1 -1 1 -1 1 -1 1 -1 #SUP: 935
1 -1 27 -1 1 -1 1 -1 #SUP: 1816
1 -1 27 -1 1 -1 1 -1 1 -1 #SUP: 1699
1 -1 27 -1 1 -1 1 -1 1 -1 1 -1 #SUP: 1533
1 -1 27 -1 1 -1 1 -1 1 -1 1 -1 1 -1 #SUP: 1384
1 -1 27 -1 1 -1 1 -1 1 -1 1 -1 1 -1 1 -1 #SUP: 1230
1 -1 27 -1 1 -1 1 -1 1 -1 1 -1 1 -1 1 -1 1 -1 #SUP: 1080
1 -1 27 -1 1 -1 1 -1 1 -1 1 -1 1 -1 1 -1 1 -1 1 -1 #SUP: 918
1 -1 28 -1 1 -1 1 -1 #SUP: 1186
1 -1 28 -1 1 -1 1 -1 1 -1 #SUP: 1159
1 -1 28 -1 1 -1 1 -1 1 -1 1 -1 #SUP: 1106
1 -1 28 -1 1 -1 1 -1 1 -1 1 -1 1 -1 #SUP: 1036
1 -1 28 -1 1 -1 1 -1 1 -1 1 -1 1 -1 1 -1 #SUP: 938
1 -1 29 -1 1 -1 1 -1 #SUP: 1470
1 -1 29 -1 1 -1 1 -1 1 -1 #SUP: 1380
1 -1 29 -1 1 -1 1 -1 1 -1 1 -1 #SUP: 1284
1 -1 29 -1 1 -1 1 -1 1 -1 1 -1 1 -1 #SUP: 1167
1 -1 29 -1 1 -1 1 -1 1 -1 1 -1 1 -1 1 -1 #SUP: 1062
1 -1 29 -1 1 -1 1 -1 1 -1 1 -1 1 -1 1 -1 1 -1 #SUP: 948
1 -1 30 -1 1 -1 1 -1 #SUP: 1356
1 -1 30 -1 1 -1 1 -1 1 -1 #SUP: 1250
1 -1 30 -1 1 -1 1 -1 1 -1 1 -1 #SUP: 1142
1 -1 30 -1 1 -1 1 -1 1 -1 1 -1 1 -1 #SUP: 1042
1 -1 30 -1 1 -1 1 -1 1 -1 1 -1 1 -1 1 -1 #SUP: 941
1 -1 31 -1 1 -1 1 -1 #SUP: 1191
1 -1 31 -1 1 -1 1 -1 1 -1 #SUP: 1114
1 -1 31 -1 1 -1 1 -1 1 -1 1 -1 #SUP: 1035
1 -1 31 -1 1 -1 1 -1 1 -1 1 -1 1 -1 #SUP: 924
1 -1 32 -1 1 -1 1 -1 #SUP: 1314
1 -1 32 -1 1 -1 1 -1 1 -1 #SUP: 1235
1 -1 32 -1 1 -1 1 -1 1 -1 1 -1 #SUP: 1144
1 -1 32 -1 1 -1 1 -1 1 -1 1 -1 1 -1 #SUP: 1049
1 -1 32 -1 1 -1 1 -1 1 -1 1 -1 1 -1 1 -1 #SUP: 957
1 -1 35 -1 1 -1 1 -1 #SUP: 1682
1 -1 35 -1 1 -1 1 -1 1 -1 #SUP: 1568
1 -1 35 -1 1 -1 1 -1 1 -1 1 -1 #SUP: 1436
1 -1 35 -1 1 -1 1 -1 1 -1 1 -1 1 -1 #SUP: 1287
1 -1 35 -1 1 -1 1 -1 1 -1 1 -1 1 -1 1 -1 #SUP: 1146
1 -1 35 -1 1 -1 1 -1 1 -1 1 -1 1 -1 1 -1 1 -1 #SUP: 1014
1 -1 36 -1 1 -1 1 -1 #SUP: 1639
1 -1 36 -1 1 -1 1 -1 1 -1 #SUP: 1584
1 -1 36 -1 1 -1 1 -1 1 -1 1 -1 #SUP: 1504
1 -1 36 -1 1 -1 1 -1 1 -1 1 -1 1 -1 #SUP: 1422
1 -1 36 -1 1 -1 1 -1 1 -1 1 -1 1 -1 1 -1 #SUP: 1324
1 -1 36 -1 1 -1 1 -1 1 -1 1 -1 1 -1 1 -1 1 -1 #SUP: 1212
1 -1 36 -1 1 -1 1 -1 1 -1 1 -1 1 -1 1 -1 1 -1 1 -1 #SUP: 1090
1 -1 36 -1 1 -1 1 -1 1 -1 1 -1 1 -1 1 -1 1 -1 1 -1 1 -1 #SUP: 941
1 -1 39 -1 1 -1 1 -1 #SUP: 1662
1 -1 39 -1 1 -1 1 -1 1 -1 #SUP: 1549
1 -1 39 -1 1 -1 1 -1 1 -1 1 -1 #SUP: 1396
1 -1 39 -1 1 -1 1 -1 1 -1 1 -1 1 -1 #SUP: 1248
1 -1 39 -1 1 -1 1 -1 1 -1 1 -1 1 -1 1 -1 #SUP: 1120
1 -1 39 -1 1 -1 1 -1 1 -1 1 -1 1 -1 1 -1 1 -1 #SUP: 991
1 -1 40 -1 1 -1 1 -1 #SUP: 1331
1 -1 40 -1 1 -1 1 -1 1 -1 #SUP: 1285
1 -1 40 -1 1 -1 1 -1 1 -1 1 -1 #SUP: 1236
1 -1 40 -1 1 -1 1 -1 1 -1 1 -1 1 -1 #SUP: 1167
1 -1 40 -1 1 -1 1 -1 1 -1 1 -1 1 -1 1 -1 #SUP: 1090
1 -1 40 -1 1 -1 1 -1 1 -1 1 -1 1 -1 1 -1 1 -1 #SUP: 997
1 -1 41 -1 1 -1 1 -1 #SUP: 1081
1 -1 41 -1 1 -1 1 -1 1 -1 #SUP: 1029
1 -1 41 -1 1 -1 1 -1 1 -1 1 -1 #SUP: 970
1 -1 41 -1 1 -1 1 -1 1 -1 1 -1 1 -1 #SUP: 904
1 -1 42 -1 43 -1 #SUP: 1006
1 -1 42 -1 1 -1 1 -1 #SUP: 1420
1 -1 42 -1 1 -1 1 -1 1 -1 #SUP: 1304
1 -1 42 -1 1 -1 1 -1 1 -1 1 -1 #SUP: 1180
1 -1 42 -1 1 -1 1 -1 1 -1 1 -1 1 -1 #SUP: 1056
1 -1 42 -1 1 -1 1 -1 1 -1 1 -1 1 -1 1 -1 #SUP: 929
1 -1 43 -1 1 -1 1 -1 #SUP: 1611
1 -1 43 -1 1 -1 1 -1 1 -1 #SUP: 1460
1 -1 43 -1 1 -1 1 -1 1 -1 1 -1 #SUP: 1323
1 -1 43 -1 1 -1 1 -1 1 -1 1 -1 1 -1 #SUP: 1173
1 -1 43 -1 1 -1 1 -1 1 -1 1 -1 1 -1 1 -1 #SUP: 1035
1 -1 43 -1 1 -1 1 -1 1 -1 1 -1 1 -1 1 -1 1 -1 #SUP: 919
1 -1 44 -1 1 -1 1 -1 #SUP: 1412
1 -1 44 -1 1 -1 1 -1 1 -1 #SUP: 1329
1 -1 44 -1 1 -1 1 -1 1 -1 1 -1 #SUP: 1241
1 -1 44 -1 1 -1 1 -1 1 -1 1 -1 1 -1 #SUP: 1127
1 -1 44 -1 1 -1 1 -1 1 -1 1 -1 1 -1 1 -1 #SUP: 996
1 -1 47 -1 1 -1 1 -1 #SUP: 1582
1 -1 47 -1 1 -1 1 -1 1 -1 #SUP: 1530
1 -1 47 -1 1 -1 1 -1 1 -1 1 -1 #SUP: 1459
1 -1 47 -1 1 -1 1 -1 1 -1 1 -1 1 -1 #SUP: 1379
1 -1 47 -1 1 -1 1 -1 1 -1 1 -1 1 -1 1 -1 #SUP: 1277
1 -1 47 -1 1 -1 1 -1 1 -1 1 -1 1 -1 1 -1 1 -1 #SUP: 1146
1 -1 47 -1 1 -1 1 -1 1 -1 1 -1 1 -1 1 -1 1 -1 1 -1 #SUP: 1021
1 -1 48 -1 1 -1 1 -1 #SUP: 1108
1 -1 48 -1 1 -1 1 -1 1 -1 #SUP: 1006
1 -1 48 -1 1 -1 1 -1 1 -1 1 -1 #SUP: 929
1 -1 49 -1 1 -1 1 -1 #SUP: 1133
1 -1 49 -1 1 -1 1 -1 1 -1 #SUP: 1056
1 -1 49 -1 1 -1 1 -1 1 -1 1 -1 #SUP: 953
1 -1 50 -1 1 -1 1 -1 #SUP: 1142
1 -1 50 -1 1 -1 1 -1 1 -1 #SUP: 1087
1 -1 50 -1 1 -1 1 -1 1 -1 1 -1 #SUP: 1036
1 -1 50 -1 1 -1 1 -1 1 -1 1 -1 1 -1 #SUP: 971
