1 -1 #SUP: 10000
1 -1 1 -1 #SUP: 10000
1 -1 1 -1 1 -1 #SUP: 10000
1 -1 1 -1 1 -1 1 -1 #SUP: 10000
1 -1 1 -1 1 -1 1 -1 1 -1 #SUP: 10000
1 -1 1 -1 1 -1 1 -1 1 -1 1 -1 #SUP: 10000
1 -1 1 -1 1 -1 1 -1 1 -1 1 -1 1 -1 #SUP: 9999
1 -1 1 -1 1 -1 1 -1 1 -1 1 -1 1 -1 1 -1 #SUP: 9999
1 -1 1 -1 1 -1 1 -1 1 -1 1 -1 1 -1 1 -1 1 -1 #SUP: 9998
1 -1 1 -1 1 -1 1 -1 1 -1 1 -1 1 -1 1 -1 1 -1 1 -1 #SUP: 9984
1 -1 1 -1 1 -1 1 -1 1 -1 1 -1 1 -1 1 -1 1 -1 1 -1 1 -1 #SUP: 9935
1 -1 1 -1 1 -1 1 -1 1 -1 1 -1 1 -1 1 -1 1 -1 1 -1 1 -1 1 -1 #SUP: 9823
1 -1 1 -1 1 -1 1 -1 1 -1 1 -1 1 -1 1 -1 1 -1 1 -1 1 -1 1 -1 1 -1 #SUP: 9521
1 -1 1 -1 1 -1 1 -1 1 -1 1 -1 1 -1 1 -1 1 -1 1 -1 1 -1 1 -1 1 -1 1 -1 #SUP: 8983
1 -1 1 -1 1 -1 1 -1 1 -1 1 -1 1 -1 1 -1 1 -1 1 -1 1 -1 1 -1 1 -1 1 -1 1 -1 #SUP: 8110
1 -1 1 -1 1 -1 1 -1 1 -1 1 -1 1 -1 1 -1 1 -1 1 -1 1 -1 1 -1 1 -1 1 -1 1 -1 1 -1 #SUP: 6925
1 -1 1 -1 1 -1 1 -1 1 -1 1 -1 1 -1 1 -1 1 -1 1 -1 1 -1 1 -1 1 -1 1 -1 1 -1 1 -1 1 -1 #SUP: 5452
